
strategic_region={
	id=10
	name="STRATEGICREGION_10"
	provinces={
		5 19 43 50 57 58 60 67 82 84 91 98 106 118 121 122 157 162 171 179 182 183 191 213 216 217 246 257 274 278 311 318 329 330 331 332 334 337 346 351 381 401 403 404 407 409 417 425 433 438 455 461 470 478 500 501 513 520 537 543 550 555 568 583 596 609 614 616 625 629 639 655 656 666 679 688 690 695 702 724 738 743 754 755 791 793 796 821 892 912 920 948 950 967 969 975 979 992 993 1029 1035 1057 1062 1094 1095 1125 1132 1137 1144 1146 1147 1149 1173 1174 1187 1201 1210 1219 1235 1246 1276 1284 1289 1307 1315 1325 1328 1329 1330 1332 1333 1368 1381 1387 1398 1401 1415 1430 1450 1455 1465 1469 1504 1518 1532 1551 1561 1565 1568 1575 1603 1627 1633 1641 1656 1685 1691 1711 1722 1727 1729 1735 1740 1751 1761 1764 1777 1795 1813 1828 1836 1844 1894 1901 1921 1925 1954 1967 1982 1987 2015 2018 2054 2089 2091 2110 2166 2171 2177 2198 2199 2200 2219 2225 2232 2258 2303 2332 2360 2364 2389 2394 2399 2406 2407 2412 2431 2451 2457 2490 2513 2518 2521 2542 2552 2587 2592 2617 2636 2657 2661 2665 2666 2671 2692 2696 2730 2734 2743 2752 2763 2787 2804 2815 2819 2834 2838 2856 2870 2882 2887 2893 2895 2914 2956 2976 2978 3052 3067 3073 3095 3132 3165 3183 3202 3225 3242 3257 3282 3292 3299 3342 3377 3400 3408 3427 3435 3450 3453 3498 3514 3519 3526 3576 3597 3604 3610 3640 3656 3663 3671 3680 3688 3699 3725 3760 3765 3773 3778 3799 3802 3811 3817 3835 3848 3850 3852 3912 3915 3918 3920 3963 3973 3992 4003 4033 4051 4183 4217 4219 4235 4257 4268 4271 4316 4375 4385 4417 4593 4646 4649 4664 4677 4738 4756 4770 4818 4819 4831 4841 4879 4891 4892 4976 4977 4999 5075 5133 5135 5150 5192 5205 5239 5260 5291 5300 5349 5435 5446 5462 5488 5540 5611 5629 5638 5652 5691 5833 5837 5880 5942 5977 5996 6019 6068 6221 6222 6249 6255 6296 6320 6339 6369 6392 6495 6511 6546 6559 6561 6654 6693 6743 6789 6803 6834 6883 6900 7036 7041 7047 7068 7111 7169 7172 7278 7310 7411 7504 7550 7669 7684 7705 7721 7823 7840 7841 7937 8025 8100 8186 8266 8376 8445 8484 8624 8836 8878 8969 9040 9074 9140 9212 9345 9458 9517 9554 9646 9796 9907 9924 10045 10071 10078 10189 10278 10507 10722 10789 10829 10861 10926 10948 10976 11015 11251 11311 11318 11378 11385 11402 11525 11554 11910 11913 11975 12042 12165 12229 12351 22866 22944 23009 23103 23180 23266 23276 23298 23315 23321 23346 23360 23375 23376 23411 23414 23428 23441 23442 23460 23463 23465 23466 23492 23495 23500 23511 23515 23530 23534 23535 23549 23552 23553 23560 23562 23563 23566 23573 23581 23584 23585 23587 23596 23597 23605 23606 23610 23612 23613 23614 23615 23619 23626 23630 23634 23635 23651 23652 23653 23654 23655 23660 23664 23666 23670 23673 23676 23679 23688 23692 23693 23694 23695 23706 23709 23710 23713 23714 23715 23723 23730 23732 23741 23753 23759 23770 23777 23805 28905 28916 28925 
	}
	weather={
	}
}
