
strategic_region={
	id=108
	name="STRATEGICREGION_108"
	provinces={
		24146 24163 24174 24177 24182 24214 24222 24230 24245 24287 24303 24309 24328 24329 24341 24361 24374 24378 24380 24389 24412 24425 24434 24455 24462 24468 24474 24481 24486 24490 24498 24547 24562 24572 24583 24586 24593 24602 24604 24651 24695 24701 24702 24710 24719 24753 24756 24762 24774 24784 24795 24804 24806 24813 24823 24857 24861 24864 24866 24868 24887 24912 24943 24977 24979 24980 24985 24996 25000 25002 25015 25025 25026 25034 25037 25040 25041 25042 25087 25109 25127 25146 25154 25156 25170 25199 25207 25243 25260 25277 25279 25282 25286 25304 25317 25321 25323 25327 25329 25341 25346 25351 25360 25366 25368 25370 25384 25392 25400 25421 25429 25454 25472 25503 25517 25536 25572 25573 25578 25580 25581 25603 25627 25639 25641 25643 25687 25693 25695 25704 25716 25722 25734 25741 25760 25761 25782 25783 25792 25810 25859 25861 25882 25885 25897 25913 25918 25931 25952 25957 25971 25988 26004 26006 26016 26050 26051 26069 26070 26083 26093 26094 26107 26126 26148 26187 26197 26202 26246 26263 26264 26289 26294 26329 26333 26340 26366 26370 26395 26404 26421 26448 26449 26451 26471 26499 26512 26519 26525 26529 26539 26544 26547 26590 26600 26602 26626 26636 26643 26647 26653 26677 26679 26697 26731 26752 26770 26772 26780 26806 26818 26832 26836 26840 26846 26859 26897 26908 26955 26974 26979 26986 26987 26998 27002 27005 27009 27031 27033 27062 27066 27075 27081 27113 27125 27149 27161 27162 27187 27195 27219 27220 27249 27281 27308 27323 27332 27349 27362 27369 27376 27384 27396 27401 27405 27409 27420 27467 27509 27520 27603 27613 27624 27636 27652 27658 27660 27672 27680 27704 27723 27748 27756 27768 27775 27802 27822 27833 27836 27837 27838 27839 27853 27854 27855 27858 27860 27863 27866 27873 27884 27892 27896 27899 27906 27908 27927 27929 27943 27944 27948 27966 27977 27988 27993 28007 28019 28024 28026 28029 28042 28054 28058 28059 28062 28068 28075 28077 28080 28081 28082 28088 28114 28117 28130 28138 28141 28152 28164 28185 28193 28206 28210 28221 28225 28241 28263 28268 28269 28311 28312 28323 28347 
	}
	weather={
	}
}
