
strategic_region={
	id=110
	name="STRATEGICREGION_110"
	provinces={
		24152 24153 24158 24185 24188 24195 24197 24198 24204 24215 24223 24225 24258 24268 24271 24272 24273 24274 24275 24276 24282 24285 24289 24297 24299 24302 24310 24314 24316 24319 24325 24340 24342 24347 24353 24369 24384 24392 24394 24403 24406 24410 24414 24440 24447 24449 24450 24464 24479 24489 24492 24500 24506 24507 24517 24522 24523 24524 24543 24549 24553 24560 24578 24579 24582 24584 24588 24601 24605 24606 24615 24617 24620 24629 24632 24639 24642 24654 24656 24659 24665 24683 24686 24691 24694 24698 24699 24716 24725 24729 24733 24734 24747 24748 24758 24768 24769 24772 24780 24782 24783 24786 24789 24811 24812 24818 24844 24870 24873 24874 24877 24883 24885 24889 24894 24899 24903 24904 24905 24909 24910 24933 24945 24948 24951 24953 24955 24957 24959 24962 24987 24990 24991 24997 25017 25036 25045 25052 25054 25059 25066 25076 25080 25082 25089 25092 25100 25106 25113 25115 25126 25140 25144 25147 25148 25155 25166 25173 25180 25184 25187 25201 25202 25203 25204 25208 25212 25216 25221 25223 25230 25239 25245 25251 25253 25256 25283 25291 25300 25302 25311 25312 25313 25319 25328 25331 25342 25343 25344 25354 25364 25374 25375 25391 25394 25403 25409 25410 25412 25414 25416 25441 25446 25452 25489 25490 25492 25509 25515 25525 25527 25530 25533 25540 25541 25542 25545 25546 25550 25567 25589 25590 25592 25597 25598 25600 25607 25609 25613 25628 25640 25651 25660 25662 25665 25670 25686 25692 25714 25723 25743 25744 25755 25758 25766 25772 25785 25793 25803 25805 25817 25821 25823 25844 25849 25857 25858 25863 25867 25868 25877 25923 25925 25970 25985 25989 25993 25995 25999 26003 26013 26026 26028 26033 26039 26074 26075 26080 26082 26086 26091 26100 26102 26106 26116 26118 26119 26137 26157 26160 26173 26175 26178 26184 26189 26196 26198 26210 26211 26214 26227 26251 26252 26276 26279 26301 26315 26316 26318 26334 26336 26349 26356 26362 26367 26371 26383 26391 26392 26397 26424 26436 26441 26450 26465 26476 26480 26485 26496 26504 26516 26523 26531 26533 26535 26538 26543 26549 26558 26564 26565 26575 26582 26585 26598 26622 26623 26628 26635 26642 26646 26649 26654 26663 26669 26685 26687 26717 26732 26736 26741 26746 26749 26754 26774 26775 26805 26807 26819 26820 26829 26842 26845 26860 26862 26863 26883 26885 26889 26893 26898 26899 26920 26923 26924 26933 26934 26937 26944 26947 26964 26971 26982 26983 27006 27022 27023 27042 27071 27076 27083 27086 27090 27095 27132 27137 27155 27164 27171 27176 27185 27191 27215 27216 27221 27223 27227 27230 27252 27254 27271 27276 27286 27304 27312 27322 27343 27344 27345 27347 27357 27363 27365 27367 27380 27391 27393 27402 27403 27406 27410 27433 27447 27449 27464 27469 27473 27478 27483 27485 27492 27497 27499 27512 27517 27528 27534 27553 27555 27588 27595 27596 27599 27607 27610 27619 27629 27633 27634 27653 27654 27655 27656 27667 27675 27676 27696 27700 27722 27726 27741 27747 27776 27777 27778 27779 27783 27790 27794 27801 27809 27820 27840 27841 27842 27843 27844 27845 27846 27852 27857 27861 27865 27867 27870 27871 27874 27876 27877 27878 27881 27891 27894 27898 27904 27909 27912 27913 27915 27917 27918 27919 27926 27928 27932 27934 27936 27937 27939 27946 27954 27957 27961 27963 27965 27970 27971 27974 27979 27980 27983 27987 27990 27994 27996 28006 28010 28011 28012 28014 28016 28023 28025 28027 28028 28031 28032 28035 28041 28045 28046 28052 28060 28063 28065 28066 28071 28073 28083 28089 28091 28095 28097 28103 28105 28107 28112 28118 28120 28122 28128 28134 28142 28146 28148 28154 28158 28160 28168 28169 28171 28172 28195 28208 28238 28243 
	}
	weather={
	}
}
