
strategic_region={
	id=111
	name="STRATEGICREGION_111"
	provinces={
		24186 24200 24220 24296 24349 24387 24396 24544 24614 24837 24968 25063 25108 25141 25334 25432 25433 25447 25448 25460 25477 25493 25532 25602 25645 25663 25676 25753 25940 26000 26167 26199 26212 26222 26247 26248 26265 26267 26280 26297 26364 26377 26416 26514 26733 26742 26798 26858 26872 26874 27011 27018 27027 27087 27141 27188 27237 27244 27317 27360 27385 27398 27407 27411 27479 27490 27514 27585 27627 27635 27644 27647 27661 27709 27718 28056 28101 28115 28127 28133 28143 28144 28177 28186 28190 28194 28196 28200 28204 28207 28211 28212 28218 28223 28228 28230 28235 28246 28247 28258 28261 28265 28271 28273 28282 28293 28296 28309 28315 28317 28334 
	}
	weather={
	}
}
