
strategic_region={
	id=12
	name="STRATEGICREGION_12"
	provinces={
		8 12 24 37 45 53 62 64 65 69 70 76 90 92 101 102 108 148 156 159 173 180 212 215 218 223 228 229 234 244 245 253 283 290 300 304 309 313 314 365 367 383 385 386 388 406 410 416 429 440 441 446 452 465 484 497 517 519 532 551 558 570 571 574 579 589 593 599 606 608 624 636 663 678 686 691 706 707 709 713 716 727 728 729 733 737 747 749 763 768 797 819 828 847 857 880 921 931 940 941 949 952 965 968 983 991 996 1007 1018 1021 1024 1038 1040 1050 1054 1056 1060 1067 1071 1072 1073 1082 1141 1154 1155 1157 1161 1165 1178 1180 1182 1189 1231 1239 1242 1250 1257 1260 1279 1285 1292 1293 1295 1304 1305 1336 1341 1373 1388 1391 1393 1404 1436 1441 1459 1461 1473 1485 1515 1519 1524 1544 1546 1555 1556 1578 1580 1586 1598 1601 1620 1625 1638 1645 1659 1668 1670 1683 1702 1749 1765 1768 1785 1826 1862 1865 1866 1873 1874 1882 1887 1909 1910 1927 1939 1951 1956 1965 1983 1985 1994 1997 1998 2004 2012 2013 2014 2020 2039 2045 2049 2050 2060 2064 2075 2092 2113 2140 2152 2155 2195 2207 2210 2223 2226 2229 2240 2241 2307 2329 2330 2349 2356 2367 2371 2372 2373 2374 2380 2382 2392 2426 2459 2469 2472 2473 2500 2505 2507 2522 2524 2525 2530 2541 2543 2545 2548 2561 2576 2578 2579 2580 2603 2604 2605 2610 2641 2643 2655 2659 2670 2674 2678 2682 2694 2733 2737 2756 2764 2769 2823 2845 2847 2892 2896 2902 2904 2917 2920 2921 2930 2934 2935 2941 2942 2969 2972 2979 2992 2995 2997 3006 3022 3037 3048 3053 3071 3094 3102 3104 3105 3121 3140 3149 3158 3178 3192 3195 3277 3285 3297 3315 3344 3349 3350 3356 3361 3380 3406 3439 3447 3462 3477 3493 3532 3535 3577 3595 3599 3609 3616 3620 3621 3641 3669 3681 3717 3721 3740 3776 3801 3812 3839 3844 3846 3864 3867 3878 3879 3884 3892 3919 3939 3997 3998 4066 4089 4090 4109 4123 4128 4140 4155 4162 4174 4199 4201 4207 4280 4302 4304 4322 4335 4361 4400 4404 4450 4464 4484 4489 4492 4498 4587 4611 4621 4640 4644 4668 4676 4742 4762 4799 4836 4851 4870 4877 4878 4951 4963 4978 4997 5063 5087 5107 5128 5149 5167 5194 5197 5202 5245 5255 5261 5290 5307 5333 5364 5423 5436 5479 5498 5519 5549 5597 5608 5650 5669 5739 5743 5770 5777 5784 5785 5790 5808 5821 5862 5895 5918 5928 6077 6103 6114 6149 6202 6334 6340 6346 6381 6408 6432 6433 6445 6464 6485 6487 6499 6582 6598 6651 6665 6732 6769 6785 6833 6991 7003 7016 7019 7020 7030 7064 7174 7214 7261 7355 7395 7406 7420 7471 7498 7534 7570 7593 7657 7692 7693 7821 7847 7853 7897 7914 7997 8073 8084 8101 8239 8249 8292 8312 8407 8512 8518 8535 8541 8704 8735 8750 8868 8962 9057 9076 9266 9267 9291 9379 9478 9488 9538 9605 9642 9651 9676 9732 9756 9769 9958 10063 10155 10222 10272 10419 10421 10485 10669 10686 10717 10719 10754 10763 10771 10826 10833 10847 10867 10877 10880 10889 10955 10981 11000 11043 11093 11094 11116 11252 11294 11308 11309 11331 11400 11581 11628 11783 12008 12012 12018 12069 12081 12097 12142 12308 12343 19330 19379 19556 20565 21074 22056 22325 22361 22520 22555 22759 22867 22913 23025 23029 23071 23110 23111 23126 23184 23200 23214 23227 23231 23236 23243 23261 23340 23352 23370 23378 23379 23382 23392 23394 23401 23426 23438 23453 23462 23504 23516 23517 23529 23532 23536 23539 23540 23542 23545 23547 23554 23564 23570 23574 23576 23577 23589 23594 23598 23611 23616 23627 23629 23636 23639 23640 23641 23642 23645 23650 23658 23659 23661 23667 23668 23669 23671 23683 23689 23697 23698 23707 23708 23712 23720 23721 23724 23725 23727 23734 23737 23739 23740 23745 23747 23751 23754 23757 23758 23763 23765 23766 23771 23773 23778 23779 23782 23783 23785 23787 23791 23796 23799 23808 23814 23815 23817 23818 23820 23821 23823 23824 23825 28917 28918 28922 28923 28926 28936 28941 28952 28954 28958 
	}
	weather={
	}
}
