
strategic_region={
	id=126
	name="STRATEGICREGION_126"
	provinces={
		764 842 1047 1535 2078 2255 2375 2516 2564 2757 3114 3238 3501 3548 3820 4071 4428 4491 4513 4781 4815 4837 5052 5078 5185 5266 5287 5401 5512 5542 5719 5868 5874 5899 6083 6227 7052 7397 7442 7528 7688 7868 7994 8043 8150 8152 8254 8274 8343 8562 8712 8835 8885 9056 9121 9181 9199 9371 9536 9601 9641 9811 10010 10180 10365 10533 10639 10695 10720 10862 10973 11056 11131 11257 11285 11371 11564 11698 11921 12230 12265 12280 12494 14184 14185 14273 14347 14348 14349 14362 14432 14460 14468 14469 14573 14584 14585 14607 14620 14645 14677 14696 14711 14725 14726 14770 14851 14852 14893 14894 14895 14929 14962 14986 15000 15001 15016 15057 15058 15059 15077 15099 15173 15174 15209 15224 15225 15297 15298 15312 15363 15364 15400 15414 15423 15465 15528 15529 15560 15583 15584 15627 15646 15701 15766 15767 15807 15898 15925 15951 15969 15970 15990 16036 16061 16218 16232 16248 16268 16399 16422 16529 24018 29034 29052 
	}
	weather={
	}
}
