
strategic_region={
	id=127
	name="STRATEGICREGION_127"
	provinces={
		206 840 2461 2789 3373 4081 4504 4785 5146 5330 5409 5703 5850 6200 6280 6281 7000 7470 7638 8699 9148 9706 9867 10178 10350 10974 10977 11477 11501 11726 11949 12423 23078 23084 23090 23113 23118 23131 23137 23148 23149 23154 23157 23174 23201 23222 23226 23280 23303 23304 23323 23324 23336 23344 23345 23350 23353 23358 23359 23362 23369 23373 23380 23383 23389 23397 23398 23400 23404 24135 24136 24139 24140 24141 24142 29617 29626 29628 29641 29642 29643 29644 29646 29647 29648 29649 
	}
	weather={
	}
}
