
strategic_region={
	id=129
	name="STRATEGICREGION_129"
	provinces={
		116 803 1340 1714 1950 2002 2503 2777 2886 3376 3735 3952 4144 4186 4381 4764 4811 4839 4888 5452 6152 6722 6880 7177 7206 7252 7385 7399 7502 7697 7753 7989 8080 8088 8094 8271 8574 8720 8936 9089 9118 9273 9493 9592 10031 10452 10567 10651 10844 10853 10873 10909 10946 11009 11010 11224 11259 11649 11654 11770 11787 11993 12043 12196 13812 13841 13876 13904 13954 13981 13982 13996 14139 14198 14381 14501 14562 14608 14646 14662 14678 14679 14697 14771 14780 14853 14882 14908 14917 14944 15002 15027 15060 15061 15062 15128 15141 15175 15226 15266 15267 15299 15313 15332 15343 15365 15415 15438 15439 15440 15451 15478 15561 15562 15585 15586 15647 15663 15685 15717 15731 15780 15841 15860 15909 15926 15971 16037 16049 16062 16078 16127 16145 16146 16202 16233 16249 16269 16368 16531 24002 24011 29062 29095 29102 29103 
	}
	weather={
	}
}
