
strategic_region={
	id=130
	name="STRATEGICREGION_130"
	provinces={
		23826 23829 23833 23835 23836 23837 23838 23839 23841 23842 23843 23844 23845 23846 23848 23849 23850 23852 23853 23856 23857 23858 23859 23860 23862 23863 23864 23866 23868 23870 23871 23873 23874 23876 23877 23878 23879 23880 23881 23883 23885 23887
		23888 23889 23890 23892 23893 23894 23898 23899 23901 23906 23909 23910 23911 23912 23913 23915 23933 23943 23978 23980 23982 23987 23989
		23993 23995 23996 23998 24000 24005 24009 24014 24015 24016 24017 24026 24027 24028 24030 24033 24035 24036 24038 24039 24041 24042 24043 24044 24047 24049 24050 24051 24052 24053 24054 24056 24057 24058 24059 24060 24061 24064 24066 24067
		24072 24073 24076 24077 24078 24079 24083 24085 24086 24087 24089 24092 24093 24094 24095 24096 24099 24100 24103 24104 24105 24106 24107 24108 24109 24110 24111 24112 24113 24114 24115 24116 24117 24118 24120 24123 24124 24125 24126 24127 24128 24137 24138
		24144 29450 29451 29471
	}
	weather={
	}
}
