
strategic_region={
	id=15
	name="STRATEGICREGION_15"
	provinces={
		11 23 36 77 83 89 99 105 114 119 129 152 165 167 169 219 226 252 265 266 289 305 339 343 345 349 363 371 372 375 380 394 418 422 424 443 444 458 472 510 524 539 590 635 645 662 664 667 692 693 705 735 773 779 807 822 848 862 864 875 886 963 987 1031 1103 1112 1128 1131 1133 1159 1179 1183 1185 1213 1215 1225 1245 1255 1270 1399 1406 1410 1420 1432 1433 1490 1513 1540 1543 1562 1592 1602 1624 1680 1696 1708 1720 1732 1734 1743 1753 1780 1803 1832 1850 1878 1899 1907 1926 1929 1964 1991 2027 2030 2036 2093 2109 2122 2125 2132 2151 2213 2247 2262 2264 2265 2292 2354 2368 2444 2460 2601 2627 2629 2646 2673 2747 2778 2782 2783 2786 2797 2809 2812 2846 2854 2985 3056 3107 3116 3131 3214 3252 3266 3307 3317 3343 3375 3402 3434 3487 3533 3562 3598 3613 3617 3635 3695 3703 3762 3791 3827 3843 3906 3914 3957 3999 4016 4139 4202 4258 4266 4306 4325 4336 4347 4349 4508 4571 4572 4594 4603 4635 4655 4661 4722 4753 4844 4904 5053 5066 5104 5108 5148 5164 5170 5210 5277 5403 5528 5563 5623 5670 5672 5716 5741 5764 5773 5816 5901 5915 5931 6027 6054 6298 6303 6368 6415 6437 6539 6649 6655 6720 6767 6810 6835 6837 6993 7051 7168 7271 7275 7318 7354 7622 7678 7742 7749 7804 7919 7990 8007 8027 8030 8095 8099 8133 8191 8238 8381 8406 8432 8472 8566 8596 8737 8862 8864 9168 9183 9498 9578 9759 9794 9947 9996 10034 10039 10212 10281 10529 10559 10703 10742 10786 10934 11118 11450 11504 11520 11557 11624 11650 11664 11874 11914 11955 12072 12075 12209 12266 23556 23565 23567 23569 23571 23578 23583 23593 23595 23599 23600 23601 23609 23617 23620 23623 23624 23625 23633 23643 23656 23662 23672 23677 23681 23682 23684 23686 23690 23700 23702 23703 23711 23716 23717 23718 23722 23728 23729 23735 23738 23743 23746 23748 23750 23752 23756 23760 23768 23772 23775 23781 23786 23789 23790 23792 23793 23794 23795 23797 23798 23802 23803 23806 23807 23811 23822 28904 28911 
	}
	weather={
	}
}
