
strategic_region={
	id=16
	name="STRATEGICREGION_16"
	provinces={
		468 538 611 719 769 820 839 859 863 973 998 1008 1023 1041 1075 1076 1081 1212 1214 1228 1236 1282 1334 1448 1454 1456 1493 1577 1593 1623 1653 1673 1719 1898 1959 2095 2141 2142 2222 2228 2257 2347 2401 2432 2486 2494 2506 2585 2630 2688 2690 2731 2751 2781 2830 3014 3031 3035 3045 3150 3194 3205 3267 3276 3312 3352 3372 3374 3423 3574 3581 3619 3665 3772 3780 3834 3863 3866 3891 3926 3979 3993 4010 4054 4092 4142 4194 4365 4413 4429 4432 4433 4458 4486 4507 4522 4543 4562 4568 4588 4610 4612 4674 4696 4745 4765 4779 4800 4833 4873 4898 4901 4934 4944 4967 4974 4986 4991 5073 5092 5103 5124 5156 5242 5248 5258 5340 5370 5377 5418 5426 5460 5482 5506 5556 5567 5576 5612 5870 5888 5960 5971 6003 6036 6049 6166 6173 6179 6267 6341 6359 6379 6400 6443 6476 6543 6569 6580 6592 6634 6644 6647 6659 6668 6681 6696 6726 6757 6773 6805 6811 6829 6846 6909 7040 7075 7090 7182 7191 7220 7235 7243 7285 7313 7351 7360 7364 7381 7389 7404 7407 7424 7516 7530 7590 7630 7633 7635 7647 7653 7656 7748 7765 7784 7805 7807 7896 7904 7905 7959 7966 7979 8010 8055 8119 8131 8136 8170 8194 8251 8296 8326 8344 8363 8434 8476 8524 8533 8586 8597 8608 8633 8643 8676 8705 8766 8801 8811 8848 8872 8894 8897 8958 8973 9015 9027 9097 9099 9109 9194 9195 9218 9268 9324 9347 9360 9373 9428 9496 9514 9548 9580 9602 9603 9640 9685 9695 9746 9748 9755 9770 9781 9810 9812 9813 9814 9891 9895 9896 9927 9942 9973 10046 10092 10101 10110 10147 10156 10161 10188 10195 10201 10287 10311 10315 10327 10343 10397 10408 10513 10558 10587 10643 10652 10668 10696 10773 10800 10872 10908 10913 10930 10968 10993 11020 11048 11080 11102 11130 11182 11188 11219 11221 11234 11241 11268 11287 11299 11316 11343 11380 11430 11475 11476 11491 11560 11623 11632 11669 11688 11704 11724 11737 11775 11794 11802 11818 11837 11851 11925 11961 11962 11990 12052 12057 12083 12116 12126 12139 12140 12169 12173 12174 12217 12238 12318 12332 12375 12476 12481 12483 12487 19717 19746 19788 19824 19894 19908 19912 19913 19914 19951 19964 19968 19969 19989 19995 19996 20002 20036 20047 20056 20084 20085 20097 20108 20119 20134 20154 20165 20166 20192 20203 20215 20223 20238 20246 20247 20262 20269 20279 20280 20282 20291 20301 20315 20321 20322 20332 20351 20357 20372 20373 20380 20381 20395 20406 20407 20416 20417 20422 20432 20433 20455 20474 20475 20484 20485 20486 20496 20502 20503 20509 20533 20545 20546 20547 20557 20566 20579 20580 20581 20591 20592 20596 20597 20598 20607 20618 20619 20635 20655 20656 20681 20688 20689 20690 20691 20692 20697 20708 20719 20731 20743 20744 20751 20752 20759 20767 20768 20769 20780 20786 20787 20796 20804 20816 20817 20818 20819 20834 20835 20841 20849 20850 20858 20859 20860 20861 20872 20873 20887 20888 20889 20898 20903 20909 20910 20911 20918 20919 20943 20956 20957 20958 20959 20971 20972 20978 20979 20980 20981 20988 20989 20994 21004 21005 21006 21007 21018 21022 21036 21037 21047 21057 21058 21059 21060 21064 21065 21066 21067 21082 21083 21094 21095 21103 21117 21137 21138 21139 21148 21149 21150 21176 21177 21184 21185 21186 21193 21200 21212 21219 21220 21234 21235 21236 21245 21265 21266 21276 21277 21294 21301 21315 21323 21332 21341 21352 21353 21365 21376 21392 21393 21413 21414 21415 21416 21423 21432 21453 21462 21473 21474 21475 21484 21485 21496 21508 21509 21520 21521 21531 21532 21538 21539 21540 21559 21565 21566 21567 21568 21587 21588 21589 21590 21591 21592 21599 21611 21616 21617 21618 21625 21626 21642 21654 21655 21668 21669 21670 21671 21672 21680 21681 21691 21692 21693 21703 21704 21705 21711 21712 21720 21721 21735 21736 21737 21738 21739 21749 21756 21757 21758 21759 21760 21761 21762 21771 21782 21787 21788 21797 21798 21804 21809 21815 21816 21817 21818 21819 21830 21831 21839 21840 21841 21842 21851 21858 21859 21860 21868 21869 21877 21878 21889 21890 21897 21898 21899 21900 21907 21908 21909 21916 21917 21918 21927 21928 21934 21942 21943 21951 21959 21960 21966 21967 21973 21974 21980 21981 21989 21995 22002 22007 22017 22018 22031 22032 22033 22041 22046 22047 22048 22049 22057 22066 22075 22081 22082 22088 22095 22096 22102 22113 22114 22133 22134 22135 22146 22147 22154 22160 22161 22169 22170 22180 22181 22198 22199 22204 22205 22206 22210 22224 22233 22234 22235 22236 22241 22242 22250 22275 22276 22277 22284 22285 22296 22297 22308 22309 22310 22319 22320 22347 22348 22349 22350 22360 22375 22384 22390 22408 22409 22415 22416 22426 22437 22443 22451 22452 22453 22462 22474 22475 22494 22507 22508 22513 22519 22524 22534 22554 22567 22568 22574 22582 22583 22584 22588 22589 22601 22605 22611 22612 22627 22628 22633 22642 22661 22696 22701 22716 22726 22732 22740 22748 22771 22777 22809 29467 29482 
	}
	weather={
	}
}
