
strategic_region={
	id=17
	name="STRATEGICREGION_17"
	provinces={
		184 405 526 547 556 564 580 649 739 843 888 932 938 1005 1028 1078 1194 1632 1677 1724 1756 1812 1816 1847 1848 1995 2001 2011 2097 2286 2290 2413 2414 2481 2533 2591 2598 2695 2745 2755 2835 2863 2913 3009 3144 3163 3212 3250 3331 3360 3588 3605 3704 3731 3737 3750 3758 3847 3888 3897 3900 3924 4101 4308 4547 4627 4663 4694 4732 4734 4789 4849 4910 4970 5110 5131 5143 5212 5264 5271 5309 5532 5584 5632 5676 5697 5727 5776 5865 5881 5887 5967 6050 6215 6251 6269 6294 6314 6594 6662 6672 6680 6738 6772 6798 6817 6901 6961 6964 6981 7158 7165 7180 7203 7210 7290 7346 7514 7558 7571 7603 7662 7694 7722 7811 7880 7888 7968 7984 7993 8013 8020 8033 8063 8072 8079 8122 8173 8175 8208 8262 8293 8311 8335 8373 8374 8452 8470 8488 8527 8528 8553 8561 8567 8571 8587 8681 8695 8707 8740 8837 8855 8890 8960 9009 9012 9019 9024 9030 9132 9139 9185 9250 9299 9310 9370 9409 9516 9521 9556 9689 9789 9816 9824 9826 9899 9913 9914 9926 10018 10035 10047 10054 10164 10285 10292 10442 10460 10475 10491 10625 10626 10708 10713 10737 10795 10969 10970 10980 11035 11061 11072 11089 11114 11192 11269 11291 11293 11382 11397 11465 11563 11593 11608 11666 11753 11754 11839 11841 11854 11875 11891 11922 11991 12019 12066 12137 12175 12235 12269 12271 12303 12316 12322 12418 12466 12493 21619 21682 21713 21772 21783 21843 21852 21853 21861 21891 21901 21910 21919 21935 21938 21939 21944 21952 21969 21975 21976 21982 21996 21997 22008 22009 22026 22027 22034 22042 22050 22051 22052 22067 22068 22076 22077 22078 22083 22089 22090 22097 22103 22104 22105 22106 22115 22124 22130 22131 22136 22148 22162 22171 22172 22173 22174 22175 22182 22183 22191 22200 22207 22211 22212 22213 22225 22237 22238 22239 22243 22244 22251 22252 22265 22278 22279 22286 22287 22288 22294 22303 22304 22311 22312 22313 22321 22322 22326 22333 22334 22351 22352 22353 22362 22363 22364 22365 22367 22370 22376 22385 22395 22405 22406 22407 22417 22418 22419 22420 22430 22438 22444 22445 22446 22456 22457 22458 22459 22463 22468 22476 22490 22499 22509 22510 22514 22521 22522 22525 22526 22530 22535 22538 22544 22545 22556 22562 22563 22569 22575 22576 22577 22585 22586 22590 22591 22592 22596 22608 22613 22614 22619 22620 22629 22634 22635 22636 22644 22645 22646 22654 22655 22656 22657 22662 22666 22671 22678 22683 22689 22690 22691 22692 22697 22702 22703 22712 22717 22718 22722 22723 22733 22734 22741 22742 22745 22749 22750 22760 22761 22762 22767 22778 22779 22781 22789 22790 22795 22802 22803 22806 22810 22811 22819 22826 22831 22836 22837 22838 22845 22849 22850 22851 22855 22856 22859 22870 22874 22877 22883 22884 22887 22893 22898 22907 22908 22914 22915 22916 22922 22923 22924 22927 22928 22942 22946 22948 22949 22960 22966 22974 22978 22979 22982 22986 22987 22988 22989 22996 23000 23003 23004 23010 23011 23017 23018 23019 23026 23030 23033 23039 23041 23042 23049 23061 23062 23066 23067 23072 23076 23077 23083 23093 23100 23105 23106 23117 23127 23128 23129 23140 23141 23143 23152 23153 23163 23172 23173 23176 23177 23186 23187 23193 23204 23207 23208 23216 23219 23220 23223 23224 23229 23234 23247 23253 23258 23265 23273 23274 23278 23279 23282 23290 23293 23297 23305 23306 23311 23313 23314 23319 23320 23326 23327 23342 24143 29568 
	}
	weather={
	}
}
