
strategic_region={
	id=18
	name="STRATEGICREGION_18"
	provinces={
		61 408 780 1156 1209 1506 1859 2071 2082 2134 2135 2680 2768 2894 2949 3069 3715 3904 3910 4093 4196 4265 4376 4556 4949 5040 5112 5147 5342 5514 5553 5587 5740 6051 6226 6228 6413 6420 6526 6753 6804 7073 7650 7789 7878 7960 8245 8260 8361 8492 8604 8755 8883 8945 9158 9188 9203 9281 9510 9562 9632 9656 9668 9779 9908 9966 10044 10120 10402 10492 10540 10580 10611 10680 10683 11173 11237 11336 11386 11424 11452 11463 11544 11610 11673 12054 12074 12167 12253 12297 12328 12348 23032 23038 23065 23082 23112 23121 23147 23159 23181 23185 23192 23202 23203 23206 23215 23221 23228 23232 23233 23237 23238 23250 23262 23264 23269 23272 23277 23289 23295 23296 23302 23317 23329 23330 23332 23334 23341 23349 23354 23355 23364 23365 23368 23371 23372 23385 23386 23387 23391 23393 23395 23402 23403 23405 23408 23412 23413 23416 23417 23418 23422 23424 23427 23430 23432 23435 23436 23437 23439 23440 23443 23446 23447 23449 23454 23455 23456 23457 23458 23459 23461 23464 23467 23468 23469 23470 23471 23472 23476 23477 23478 23479 23480 23481 23482 23483 23484 23485 23486 23488 23489 23490 23491 23493 23494 23496 23498 23501 23503 23505 23506 23514 23518 23520 23523 29650 29651 29652 29653 29654 29655 
	}
	weather={
	}
}
