
strategic_region={
	id=20
	name="STRATEGICREGION_20"
	provinces={
		181 362 419 546 789 900 923 1065 1113 1590 1610 2007 2105 2191 2235 2273 2342 2403 2447 2458 2581 2589 2866 2973 2987 3058 3066 3221 3281 3347 3365 3461 3464 3489 3490 3559 3601 3727 3767 3803 3970 3996 4045 4065 4074 4124 4143 4179 4187 4220 4228 4240 4410 4527 4650 4675 4731 4761 4777 4808 4846 4900 4939 5006 5145 5171 5209 5220 5329 5372 5471 5524 5619 5643 5655 5684 5695 5721 5766 5841 6029 6123 6158 6204 6240 6256 6308 6309 6323 6362 6397 6518 6534 6586 6607 6724 6764 6802 6806 6925 6927 7014 7106 7188 7190 7317 7329 7366 7387 7447 7564 7698 7725 7743 7773 7800 7826 7860 8137 8142 8213 8230 8298 8316 8330 8340 8703 8738 8776 8816 8866 8880 8934 8941 8954 9059 9200 9224 9312 9327 9466 9494 9590 9629 9723 9727 9773 9851 9890 9933 9984 10020 10026 10125 10181 10190 10214 10242 10262 10319 10324 10367 10427 10457 10473 10495 10516 10572 10665 10673 10736 10845 10910 10933 11016 11031 11115 11225 11232 11256 11292 11296 11395 11486 11577 11582 11585 11639 11651 11671 11761 11860 11981 12047 12050 12055 12156 12213 12243 12373 12420 12441 12470 15754 15774 15848 15849 15883 15920 15996 16008 16102 16224 16320 16474 16475 16503 16504 16592 16606 16681 16690 16726 16727 16752 16766 16832 16881 16945 16990 17004 17041 17051 17072 17127 17167 17168 17169 17235 17257 17308 17309 17403 17404 17438 17439 17461 17506 17518 17526 17527 17528 17542 17584 17596 17610 17620 17621 17632 17633 17686 17697 17714 17732 17733 17734 17754 17764 17793 17802 17803 17804 17813 17838 17856 17857 17880 17881 17903 17904 17905 17906 17919 17920 17946 17972 17985 17995 17996 17997 18011 18023 18030 18031 18032 18046 18047 18048 18057 18067 18082 18098 18104 18122 18123 18165 18166 18167 18177 18186 18187 18210 18211 18225 18255 18274 18325 18345 18346 18357 18368 18369 18399 18400 18410 18433 18434 18477 18478 18502 18503 18517 18554 18565 18566 18576 18589 18627 18636 18637 18648 18680 18681 18707 18765 18780 18781 18782 18809 18813 18828 18829 18851 18852 18885 18897 18898 18909 18963 18964 18991 18998 18999 19000 19032 19073 19074 19093 19105 19113 19114 19156 19199 19200 19208 19221 19222 19231 19291 19292 19302 19331 19414 19415 19443 19444 19494 19495 19504 19525 19549 19557 19603 19619 19639 19640 19651 19652 19716 19734 19745 19747 19760 19812 19841 19893 19941 19976 20012 20068 20082 20083 20153 20185 20244 20245 20278 20314 20371 24024 24037 29210 
	}
	weather={
	}
}
