
strategic_region={
	id=24
	name="STRATEGICREGION_24"
	provinces={
		93 125 222 250 480 490 545 694 977 1296 1299 1360 1517 1550 1552 1669 1687 1700 1725 1811 1905 2058 2068 2112 2138 2277 2325 2334 2359 2402 2467 2635 2820 2840 2881 2890 2933 2961 2993 3239 3270 3275 3289 3354 3369 3655 3697 3723 3742 3745 3819 3883 3894 3949 4017 4057 4136 4158 4172 4232 4270 4339 4374 4633 4651 4685 4695 4714 4787 4792 5019 5030 5057 5099 5118 5200 5250 5303 5431 5537 5544 5637 5660 5690 5792 5797 5904 6059 6094 6143 6180 6277 6311 6374 6399 6462 6497 6532 6552 6648 6708 6718 6740 6756 6759 6783 6852 6858 6952 7096 7130 7323 7438 7450 7741 7767 7843 7864 7879 7910 7986 8014 8090 8185 8351 8486 8648 8768 8927 8935 8940 9202 9209 9226 9376 9444 9453 9588 9674 9688 9702 9760 9892 9898 9946 10042 10104 10140 10146 10209 10247 10255 10261 10265 10266 10286 10313 10325 10387 10464 10471 10472 10518 10531 10547 10575 10745 10767 10893 10972 10990 11002 11132 11137 11154 11174 11250 11255 11329 11364 11379 11403 11421 11499 11597 11656 11676 11692 11772 11804 11862 12004 12011 12027 12071 12086 12141 12168 12214 12220 12366 12390 12422 12428 15581 15598 15626 15645 15700 15765 15779 15791 15924 15950 15968 16002 16022 16035 16060 16117 16144 16155 16231 16247 16295 16310 16332 16367 16382 16435 16452 16453 16454 16471 16496 16528 16565 16566 16575 16588 16589 16600 16601 16615 16635 16707 16708 16709 16718 16719 16720 16732 16745 16778 16793 16815 16828 16839 16840 16854 16855 16874 16875 16902 16960 16979 16980 16981 16982 16999 17010 17011 17020 17035 17060 17061 17062 17080 17121 17122 17145 17177 17195 17226 17242 17315 17348 17366 17378 17379 17392 17425 17426 17427 17428 17455 17456 17493 17494 17514 17550 17566 17567 17578 17593 17594 17607 17616 17617 17642 17653 17654 17667 17693 17711 17728 17729 17752 17759 17769 17785 17824 17825 17852 17862 17889 17913 17928 17929 17930 17941 17942 17989 17990 18008 18021 18039 18040 18041 18055 18062 18063 18077 18078 18094 18118 18139 18140 18148 18149 18164 18172 18173 18196 18222 18238 18270 18284 18296 18308 18337 18338 18339 18354 18355 18356 18407 18408 18419 18420 18445 18457 18472 18488 18489 18501 18535 18549 18550 18551 18552 18564 18584 18599 18616 18633 18678 18679 18694 18701 18733 18744 18745 18754 18775 18795 18806 18807 18848 18860 18866 18867 18896 18907 18923 19084 19103 19153 19184 19207 19279 19323 29085 29105 29159 29160 29165 29168 29172 29174 29185 29234 29251 29291 29322 29323 29332 29343 29364 
	}
	weather={
	}
}
