
strategic_region={
	id=26
	name="STRATEGICREGION_26"
	provinces={
		284 423 812 1376 1563 2309 2728 3388 4082 4098 4442 5190 5970 6104 6360 6391 6660 7133 7195 7345 7683 7771 7792 7812 7828 8082 8443 8590 8691 8785 8986 9103 9240 9540 9628 10055 10162 10340 10498 10544 11487 11533 12034 12119 12203 12207 12222 12498 12499 12500 12501 12502 12503 12504 12505 12506 12507 12508 12509 12512 12513 12514 12518 12519 12522 12523 12525 12526 12527 12529 12530 12534 12536 12537 12538 12542 12544 12548 12550 12553 12554 12555 12564 12565 12569 12571 12572 12575 12600 12601 12608 12620 12622 12624 12648 12651 12664 12671 12697 12710 23831 28962 
	}
	weather={
	}
}
