
strategic_region={
	id=27
	name="STRATEGICREGION_27"
	provinces={
		48 836 1232 1240 1853 1919 1972 2214 2418 2527 3033 3272 3405 3602 3726 3925 3942 3959 4126 4324 4411 4468 4698 4929 4956 5010 5253 5312 5525 5642 5807 5815 5845 6048 6092 6220 6263 6663 6825 6894 6910 6978 7089 7143 7416 7572 7900 7980 8248 8382 8425 8478 8622 8760 8813 9461 9627 9691 9707 9725 9762 9799 9931 9978 9983 10128 10245 10481 10740 10793 10998 11006 11017 11106 11187 11239 11263 11281 11333 11355 11638 11703 11853 11976 12025 12064 12234 12260 12337 12495 12587 12596 12611 12672 12677 12678 12698 12726 12727 12731 12744 12751 12752 12757 12758 12760 12766 12770 12788 12794 12797 12807 12817 12828 12833 12846 12849 12852 12861 12867 12886 12887 12893 12894 12896 12907 12936 12937 12938 12941 12956 12957 12962 12981 12987 12993 13011 13014 13019 13027 13031 13032 13039 13045 13063 13071 13075 13082 13092 13093 13104 13124 13129 13147 13159 13167 13203 13208 13243 13253 13259 13260 13291 13297 13311 13318 13322 13358 13359 13368 13378 13383 13413 13428 13429 13435 13445 13471 13477 13495 13502 13505 13543 13551 13557 13563 13574 13594 13602 13608 13620 13627 13636 13655 13671 13684 13725 13750 28969 28971 28975 28979 28981 28983 
	}
	weather={
	}
}
