
strategic_region={
	id=28
	name="STRATEGICREGION_28"
	provinces={
		291 333 387 445 506 617 785 876 903 907 981 1126 1163 1211 1302 1654 1707 1713 1745 1752 1776 1794 1798 1831 1892 1935 2102 2287 2297 2324 2430 2439 2485 2508 2722 2744 2839 2957 3051 3127 3159 3181 3197 3271 3330 3332 3488 3518 3552 3563 3654 3887 3909 4075 4141 4149 4154 4188 4200 4310 4399 4551 4615 4726 4773 4802 4817 4908 4912 4931 5017 5043 5071 5074 5085 5091 5121 5188 5199 5275 5288 5365 5397 5449 5459 5489 5523 5529 5571 5662 5735 5806 5820 5839 5861 5882 5959 5975 6028 6046 6074 6075 6080 6105 6126 6389 6447 6450 6454 6489 6505 6576 6623 6675 6679 6737 6843 6850 6921 6967 6992 7050 7222 7266 7338 7362 7365 7380 7532 7566 7600 7625 7631 7632 7649 7672 7710 7755 7824 7874 7921 7938 7951 7955 7988 7995 7996 8003 8062 8123 8192 8206 8288 8339 8441 8448 8489 8510 8544 8607 8618 8679 8713 8715 8722 8732 8765 8788 8879 8892 8929 8933 8972 8991 8999 9007 9072 9126 9144 9147 9151 9156 9171 9176 9243 9353 9357 9386 9421 9555 9595 9609 9663 9735 9805 9834 9905 9929 9930 9968 9979 9980 10070 10106 10172 10186 10240 10280 10295 10332 10375 10377 10454 10484 10500 10564 10582 10666 10809 10849 10906 10916 10935 11047 11049 11095 11183 11213 11273 11278 11325 11362 11423 11425 11433 11435 11489 11611 11667 11679 11690 11694 11705 11789 11793 11963 12045 12102 12108 12153 12180 12261 12270 12281 12291 12427 12439 12440 12475 12477 13397 13434 13469 13470 13476 13504 13517 13518 13525 13526 13527 13533 13534 13541 13542 13561 13562 13573 13581 13582 13583 13589 13590 13591 13619 13626 13634 13635 13644 13645 13646 13660 13670 13681 13682 13683 13697 13698 13699 13713 13732 13733 13738 13747 13748 13749 13763 13773 13779 13787 13788 13789 13799 13819 13825 13829 13838 13844 13856 13857 13858 13859 13865 13866 13900 13901 13908 13909 13910 13911 13912 13921 13925 13926 13927 13975 13991 13992 14002 14003 14035 14044 14063 14072 14100 14112 14135 14136 14147 14158 14159 14170 14171 14178 14193 14207 14220 14233 14243 14255 14281 14290 14301 14321 14332 14345 14373 14374 14375 14393 14401 14417 14446 14447 14448 14457 14466 14479 14480 14499 14523 14524 14537 14555 14568 14569 14597 14598 14599 14616 14658 14659 14668 14669 14670 14671 14707 14708 14720 14738 14739 14740 14755 14756 14757 14767 14776 14790 14791 14792 14805 14806 14831 14832 14844 14845 14877 14889 14904 14925 14926 14937 14938 14954 14955 14956 14978 14979 15010 15011 15024 15025 15026 15034 15045 15046 15055 15072 15092 15093 15094 15125 15136 15137 15154 15155 15171 15186 15204 15221 15249 15279 15291 15292 15293 15325 15340 15394 15411 15412 15420 15436 15459 15460 15472 15473 15474 15488 15504 15505 15506 15537 15575 15608 15609 15637 15658 15681 15682 15683 15695 15715 15726 15727 15744 15759 15777 15788 15789 15805 15821 15833 15834 15872 15885 15894 15895 15933 15934 15944 15945 15946 15963 15964 15986 16000 16018 16029 16030 16056 16088 16089 16107 16123 16139 16165 16166 16183 16195 16228 16244 16278 16292 16328 16343 16344 16345 16394 16402 16466 16480 16494 16522 16560 16598 16697 16716 16743 16809 16810 16867 29000 29011 29104 
	}
	weather={
	}
}
