
strategic_region={
	id=29
	name="STRATEGICREGION_29"
	provinces={
		1383 1527 1731 2621 2891 3012 3029 3206 3274 3568 4043 4379 4549 4889 5251 5306 5440 5499 5558 5798 5992 6016 6031 6058 6355 6358 6774 6943 6999 7184 7272 7432 7790 7886 7887 7911 8038 8331 8395 8493 8496 8628 8714 8951 8978 9364 9690 9844 9939 10002 10022 10052 10436 10655 10759 10762 11428 11562 11655 12120 12250 12342 12490 12570 12582 12583 12586 12606 12614 12618 12631 12632 12646 12652 12659 12660 12666 12669 12674 12679 12685 12688 12694 12695 12701 12708 12712 12713 12718 12729 12740 12746 12755 12768 12769 12777 12778 12786 12787 12792 12801 12805 12808 12812 12820 12841 12842 12845 12870 12880 12909 12946 12947 12975 13013 13025 13030 13038 13044 13055 13060 13066 13083 13084 13091 13121 13122 13138 13185 13187 13188 13207 13224 13239 13240 13241 13251 13252 13274 13284 13309 13310 13317 13367 13388 13389 23855 23861 23865 23867 23872 23882 23884 23886 23891 23895 28966 28967 
	}
	weather={
	}
}
