
strategic_region={
	id=3
	name="STRATEGICREGION_3"
	provinces={
		302 829 850 894 1124 1177 1191 1252 1346 1375 1655 1690 1834 1851 1934 2081 2116 2181 2217 2341 2395 2474 2791 2905 2984 3397 3407 3440 3603 3614 3629 3829 3832 3933 3956 4147 4177 4276 4444 4573 4919 4943 5055 5090 5195 5263 5308 5348 5363 5369 5394 5399 5481 5694 5744 5828 5890 6112 6128 6199 6218 6223 6265 6335 6351 6404 6554 6709 6929 7054 7078 7152 7642 7793 7852 8087 8117 8264 8303 8362 8417 8555 8572 8625 8824 9026 9031 9150 9290 9340 9341 9412 9413 9487 9610 9634 10066 10126 10196 10306 10331 10414 10428 10434 10557 10615 10624 10671 10693 10738 10772 10778 10901 10937 11030 11687 11728 11739 11785 11844 11865 11926 11985 12032 12133 12157 12276 12403 12433 12474 15111 15169 15286 15320 15321 15359 15409 15431 15448 15470 15500 15501 15553 15554 15605 15636 15655 15673 15692 15693 15722 15736 15737 15755 15756 15757 15776 15819 15830 15831 15832 15851 15852 15868 15869 15904 15905 15923 15961 15982 15983 15999 16009 16027 16053 16075 16076 16103 16104 16120 16121 16138 16152 16161 16179 16180 16181 16214 16226 16227 16237 16238 16257 16258 16290 16322 16323 16338 16339 16357 16358 16392 16416 16447 16448 16476 16477 16505 16506 16541 16557 16558 16570 16582 16593 16594 16607 16608 16609 16620 16643 16659 16693 16694 16695 16714 16715 16728 16736 16737 16738 16739 16754 16755 16771 16772 16805 16822 16849 16860 16861 16862 16920 16950 16951 16952 16972 16973 16974 16975 16992 17026 17027 17028 17029 17074 17088 17113 17130 17140 17152 17153 17187 17188 17189 17204 17238 17247 17272 17273 17274 17275 17291 17310 17322 17323 17337 17358 17359 17417 17418 17449 17462 17531 17588 17600 17649 17719 17779 24006 24008 24012 24013 24020 24021 29100 29116 29133 29138 29143 29147 29155 
	}
	weather={
	}
}
