
strategic_region={
	id=30
	name="STRATEGICREGION_30"
	provinces={
		254 560 673 878 1396 1576 1583 1977 1989 2080 2289 2468 2502 2900 3050 3129 3153 3235 3409 3572 3611 3781 3905 4377 4449 4574 5561 5633 5713 5939 5986 6395 6573 7598 7825 7871 7932 7976 8051 8201 8210 8219 8391 8436 8667 8694 9063 9396 9607 9650 9666 9730 10439 10566 10792 10840 11227 11328 11494 11513 11568 11643 12040 12194 12639 12722 12742 12774 12796 12802 12809 12826 12827 12832 12839 12857 12866 12875 12883 12892 12901 12924 12934 12935 12940 12961 12978 13004 13026 13056 13061 13062 13085 13101 13108 13114 13123 13142 13158 13166 13197 13198 13199 13216 13225 13231 13242 13258 13265 13275 13290 13321 13331 13332 13339 13356 13357 13372 13377 13412 13424 13444 13462 13485 13494 13550 28974 28976 28977 28978 
	}
	weather={
	}
}
