
strategic_region={
	id=31
	name="STRATEGICREGION_31"
	provinces={
		341 1277 1312 1674 2126 2746 3198 3362 3410 4425 4631 4751 5962 6053 6086 6658 7196 7573 7703 7923 9673 9784 10009 10276 10577 10620 10879 11202 11307 11500 11587 11710 11855 11909 11927 11979 15699 15762 15825 15840 15949 16021 16077 16090 16143 16170 16199 16200 16230 16246 16294 16330 16331 16381 16405 16406 16434 16470 16511 16527 16545 16587 16649 16650 16664 16665 16666 16705 16731 16814 16837 16838 16873 16888 16889 16978 17033 17047 17079 17099 17119 17222 17224 17263 17346 29112 29142 
	}
	weather={
	}
}
