
strategic_region={
	id=33
	name="STRATEGICREGION_33"
	provinces={
		534 788 1048 1409 1501 1770 1845 1916 1940 1952 2443 2499 2825 3060 3429 3486 3594 3771 4020 4102 4208 4828 4928 5041 5119 5184 5270 5385 5398 5430 5761 5831 6132 6133 6175 6441 6560 6583 6714 6799 6957 7033 7396 7417 7465 7507 7834 7907 7946 8139 8157 8313 8465 8741 9094 9234 9380 9464 9507 9539 9846 10091 10370 10494 10510 10552 10600 10706 10813 10957 11027 11245 11317 11412 11512 11573 11601 11680 11764 11943 12107 12219 12294 12324 12452 12463 22465 22488 22528 22529 22561 22570 22593 22616 22650 22675 22694 22714 22727 22769 22785 22814 22815 22822 22830 22854 22861 22862 22872 22885 22886 22890 22896 22897 22911 22918 22926 22931 22932 22939 22952 22953 22957 22958 22964 22969 22970 22976 22984 22991 23008 23014 23015 23021 23028 23035 23036 23046 23047 23048 23050 23053 23057 23058 23060 23069 23073 23085 23086 23087 23091 23092 23095 23096 23102 23107 23115 23116 23120 23122 23124 23125 23138 23142 23145 23155 23158 23168 23169 23170 23175 23178 23179 23190 23194 23210 23211 23217 23218 23230 23235 23256 23268 23271 23287 23288 23292 23294 23312 23333 29583 29591 29599 29601 29606 29610 29611 29614 29616 29622 29623 29624 29625 29627 29631 29632 29634 29635 29638 29639 29640 
	}
	weather={
	}
}
