
strategic_region={
	id=34
	name="STRATEGICREGION_34"
	provinces={
		49 158 323 384 460 591 622 817 835 898 1327 1379 1476 1615 1672 1791 1792 1856 1863 1947 1948 2044 2061 2062 2182 2321 2427 2475 2483 2599 2602 2624 2632 2889 3128 3164 3176 3210 3215 3241 3294 3430 3506 3589 3685 3701 3711 3764 3809 3814 3984 4021 4097 4119 4231 4237 4242 4352 4370 4408 4466 4478 4652 4713 4862 4916 4933 4947 4950 4958 5015 5048 5120 5153 5169 5326 5384 5504 5517 5557 5663 5674 5804 5826 5883 5896 5922 5997 6008 6015 6033 6041 6095 6102 6122 6142 6144 6188 6205 6245 6272 6292 6293 6342 6396 6428 6446 6540 6565 6602 6610 6650 6751 6851 6897 6906 6908 6939 6969 7008 7021 7028 7057 7084 7087 7098 7148 7201 7217 7234 7246 7253 7270 7312 7316 7375 7376 7421 7428 7440 7441 7487 7511 7519 7568 7588 7595 7754 7760 7832 7866 7889 7935 7944 7950 8035 8045 8054 8093 8108 8121 8127 8145 8151 8169 8178 8193 8209 8228 8237 8256 8269 8273 8360 8379 8398 8449 8455 8475 8498 8609 8626 8656 8659 8743 8793 8800 8820 8831 8845 8900 8917 8920 8984 8988 9000 9044 9092 9124 9159 9180 9215 9251 9293 9325 9365 9385 9503 9509 9533 9544 9586 9630 9631 9653 9694 9703 9721 9738 9785 9866 9888 9889 9917 9938 9949 9963 10122 10123 10187 10256 10267 10299 10346 10363 10364 10373 10418 10441 10489 10532 10590 10591 10606 10609 10619 10735 10747 10765 10775 10802 10821 10848 10919 10950 10952 11001 11018 11042 11077 11096 11117 11139 11175 11211 11222 11244 11346 11391 11394 11399 11415 11440 11474 11496 11515 11552 11606 11612 11642 11644 11647 11657 11661 11670 11682 11706 11711 11720 11778 11798 11817 11821 11832 11888 11944 11992 12077 12122 12136 12181 12183 12254 12289 12310 12336 12338 12350 12355 12374 12384 12392 12453 12468 18862 18910 18911 19004 19005 19024 19116 19147 19176 19225 19233 19258 19285 19305 19333 19373 19394 19402 19449 19464 19479 19531 19561 19562 19579 19589 19610 19611 19630 19653 19666 19667 19668 19669 19679 19680 19687 19699 19723 19750 19761 19768 19769 19770 19791 19852 19859 19860 19861 19864 19865 19896 19909 19916 19971 19997 20003 20057 20058 20059 20069 20070 20079 20086 20098 20135 20143 20144 20155 20156 20167 20168 20169 20170 20171 20186 20194 20195 20205 20224 20225 20226 20227 20239 20240 20264 20265 20281 20284 20285 20292 20302 20316 20317 20323 20324 20325 20339 20340 20352 20366 20374 20382 20383 20408 20409 20410 20424 20435 20446 20447 20448 20456 20464 20465 20466 20467 20468 20487 20488 20497 20504 20510 20524 20525 20534 20535 20549 20550 20558 20559 20567 20568 20582 20583 20593 20609 20610 20620 20625 20626 20627 20636 20637 20657 20669 20670 20671 20682 20683 20684 20698 20709 20710 20711 20712 20720 20733 20734 20745 20753 20760 20761 20770 20771 20772 20788 20789 20790 20797 20798 20799 20805 20806 20820 20836 20842 20851 20852 20853 20862 20863 20874 20875 20890 20891 20899 20904 20905 20912 20920 20936 20937 20944 20945 20946 20947 20960 20961 20962 20982 20995 20996 20997 21008 21019 21023 21038 21039 21040 21048 21061 21084 21096 21097 21098 21104 21105 21110 21111 21118 21119 21120 21121 21122 21131 21132 21140 21151 21152 21157 21158 21166 21167 21168 21169 21178 21187 21194 21195 21201 21202 21213 21214 21215 21221 21222 21223 21237 21246 21256 21267 21268 21278 21279 21285 21286 21287 21288 21295 21296 21302 21303 21304 21316 21317 21324 21333 21334 21335 21342 21354 21355 21356 21366 21367 21377 21378 21379 21380 21381 21382 21394 21395 21396 21405 21406 21417 21424 21425 21433 21434 21443 21454 21476 21477 21478 21486 21487 21488 21497 21498 21499 21500 21510 21511 21512 21513 21522 21533 21534 21541 21549 21550 21569 21570 21571 21572 21576 21577 21582 21583 21593 21594 21595 21600 21601 21605 21606 21620 21621 21622 21627 21628 21637 21643 21644 21656 21657 21658 21673 21674 21675 21683 21694 21695 21706 21714 21722 21723 21724 21750 21751 21763 21773 21774 21789 21799 21805 21810 21820 21832 21870 21871 21879 21880 21892 21929 21936 21937 21968 24048 29371 
	}
	weather={
	}
}
