
strategic_region={
	id=35
	name="STRATEGICREGION_35"
	provinces={
		47 189 303 434 503 542 753 924 955 1000 1104 1117 1220 1267 1343 1466 1584 1712 1893 1941 2009 2069 2144 2179 2215 2288 2301 2623 2685 2814 2968 2986 3081 3161 3169 3393 3395 3459 3496 3615 3623 3676 3719 3810 3845 3851 3911 3922 3935 4008 4044 4079 4195 4216 4224 4225 4331 4396 4470 4471 4495 4570 4654 4746 4748 4774 4984 4996 5003 5035 5086 5106 5157 5162 5174 5313 5361 5362 5406 5473 5520 5551 5573 5581 5583 5607 5671 5941 5999 6022 6078 6117 6252 6322 6388 6519 6520 6570 6601 6652 6690 6703 6788 6822 6823 6839 6855 6877 7081 7118 7124 7144 7326 7330 7394 7580 7690 7740 7855 7857 7859 7861 7941 7949 8021 8076 8077 8126 8146 8179 8337 8358 8385 8416 8427 8599 8730 8753 8754 8828 8981 8995 9036 9088 9110 9137 9197 9235 9271 9320 9354 9381 9398 9443 9454 9467 9477 9479 9512 9567 9615 9681 9726 9736 9744 9754 9782 9831 9841 9852 9871 9901 9935 10005 10056 10087 10233 10330 10379 10411 10450 10470 10479 10504 10541 10546 10646 10739 10798 10839 10843 10936 10967 10985 10992 10997 11023 11064 11124 11169 11178 11184 11446 11545 11567 11691 11693 11751 11786 11811 11919 11960 11987 12146 12171 12199 12225 12237 12425 12456 12472 17131 17190 17292 17338 17371 17387 17442 17450 17463 17464 17487 17532 17601 17612 17623 17651 17676 17703 17704 17736 17780 17781 17843 17884 17885 17910 17952 17977 18001 18014 18070 18071 18088 18108 18128 18190 18191 18192 18214 18230 18244 18259 18260 18261 18313 18314 18330 18350 18374 18375 18376 18390 18449 18465 18483 18484 18505 18543 18571 18572 18592 18609 18619 18638 18666 18667 18668 18669 18670 18687 18698 18699 18768 18769 18786 18799 18800 18818 18834 18876 18889 18890 18914 18915 18939 18956 19007 19018 19019 19034 19097 19118 19134 19135 19159 19178 19193 19214 19226 19245 19251 19260 19261 19262 19286 19287 19316 19338 19351 19356 19357 19358 19374 19382 19396 19430 19454 19468 19469 19480 19481 19497 19513 19514 19520 19521 19522 19551 19552 19572 19582 19592 19593 19614 19623 19644 19670 19671 19682 19726 19727 19728 19738 19739 19772 19782 19783 19792 19803 19804 19815 19829 19830 19854 19867 19875 19886 19887 19888 19898 19899 19918 19919 19920 19944 19973 19981 19982 19990 19998 19999 20004 20022 20037 20051 20072 20073 20074 20075 20080 20089 20090 20102 20122 20157 20158 20181 20187 20196 20218 20250 20251 20252 20272 20273 20287 20304 20305 20333 20334 20385 20386 20398 20399 20400 20439 20451 20459 20489 20490 20499 20500 20527 20540 20561 20570 20600 20621 20639 20660 20673 20685 20700 20721 20722 20736 20747 20791 20984 21069 21106 21225 21239 24040 29201 29216 29224 29233 29244 29266 29271 29274 29284 29288 29293 29302 29321 29324 29329 29331 29353 29356 29357 29362 29365 29366 29375 29376 29408 29409 29411 29415 29425 29428 29433 29441 29444 29445 29453 29459 29460 29465 29469 29470 29474 29475 29488 
	}
	weather={
	}
}
