
strategic_region={
	id=36
	name="STRATEGICREGION_36"
	provinces={
		224 427 525 890 1272 1611 1815 1870 2519 2716 2842 3135 3325 3442 3754 4049 4085 4096 4170 4189 4214 4233 4360 4487 4730 4940 5002 5014 5186 5267 5319 5501 5547 5592 5620 5667 5708 5750 5791 5796 5944 6000 6072 6130 6316 6504 6536 6537 6621 6916 6917 6919 6928 6944 7026 7192 7256 7297 7307 7454 7490 7679 7706 7744 7854 7862 8046 8114 8166 8197 8370 8582 8653 8728 8808 9008 9042 9309 9472 9525 9582 9622 9700 9878 10374 10448 10515 10561 10589 10734 10864 10904 10940 11282 11457 11685 11719 11781 11916 11971 11972 12149 12191 18089 18215 18351 18352 18450 18466 18523 18593 18629 18654 18758 18787 18788 18864 18877 18891 18916 18917 18940 18969 18989 19025 19026 19052 19063 19081 19167 19179 19227 19246 19247 19263 19272 19273 19339 19340 19352 19359 19360 19383 19436 19437 19438 19455 19533 19553 19573 19608 19609 19624 19645 19660 19661 19672 19690 19701 19708 19729 19759 19773 19774 19793 19831 19844 19868 19869 19876 19889 19900 19901 19929 19955 19956 19957 19966 19991 20015 20023 20038 20039 20052 20076 20103 20112 20113 20128 20129 20130 20175 20197 20208 20229 20230 20242 20306 20307 20329 20343 20367 20387 20413 20426 20440 20460 20461 20491 20501 20528 20541 20551 20571 20644 20645 20661 20674 20737 20757 20763 20774 20802 20809 20823 20938 20951 20952 21026 21027 21042 21123 29261 29279 29295 29296 29304 29313 29326 29337 29338 29345 29354 29395 29402 29407 29412 29420 29429 29432 29473 29487 
	}
	weather={
	}
}
