
strategic_region={
	id=43
	name="STRATEGICREGION_43"
	provinces={
		751 798 832 915 926 1092 1100 1570 1730 2047 2172 2201 2209 2259 2370 2510 2708 2750 2767 2850 2928 2982 2991 3001 3075 3125 3171 3209 3649 3662 3706 4004 4083 4107 4132 4226 4409 4684 4740 4796 4821 4890 5178 5281 5284 5321 5368 5543 5617 5701 6018 6064 6214 6365 6378 6551 6638 6686 6747 6754 6755 6913 6977 7011 7061 7167 7245 7320 7619 7708 7788 7797 8129 8168 8299 8309 8353 8388 8413 8662 8709 8791 8932 8997 9116 9217 9384 9418 9518 9573 9593 9625 9664 9790 10011 10097 10131 10205 10210 10224 10231 10356 10553 10662 10685 10885 11039 11198 11209 11212 11384 11506 11561 11732 11768 11799 11830 11942 11989 12041 12063 12080 12185 12193 12387 12442 17702 17718 17748 17830 17831 17840 17841 17895 17907 17924 17950 17964 17965 17999 18000 18024 18033 18050 18086 18087 18107 18124 18125 18145 18168 18203 18257 18258 18292 18293 18301 18327 18328 18349 18371 18372 18373 18387 18388 18412 18413 18414 18427 18447 18448 18463 18464 18479 18480 18481 18521 18531 18532 18556 18568 18569 18570 18577 18578 18590 18651 18665 18683 18684 18685 18686 18697 18709 18723 18740 18747 18785 18810 18815 18816 18833 18845 18855 18874 18912 18913 18928 18953 18954 18955 18967 18968 18987 19046 19047 19048 19049 19060 19061 19078 19086 19087 19108 19117 19157 19165 19188 19189 19190 19212 19244 19259 19270 19296 19297 19315 19334 19335 19349 19350 19395 19403 19422 19450 19452 19453 19465 19466 19509 19518 19550 19571 19590 19643 19654 19688 19700 19706 19707 19724 19751 19758 19801 24045 24046 29208 29220 29230 29232 29242 29243 29255 29257 29277 29282 29300 29328 29341 29352 29360 29370 29372 29387 29388 29398 29416 29427 
	}
	weather={
	}
}
