
strategic_region={
	id=44
	name="STRATEGICREGION_44"
	provinces={
		241 469 1545 2168 2189 2317 2946 3030 3378 3787 3945 3960 4009 4288 4474 4510 4673 4681 4704 4880 5032 5226 5304 5347 5593 6061 6137 6620 6635 6841 6974 7350 7520 7965 8278 8583 8640 8652 8693 8967 9051 9080 9105 9314 9624 10116 10238 10388 10477 10678 10882 11022 11231 11482 11807 11892 12320 20249 20326 20354 20360 20396 20411 20436 20450 20457 20498 20518 20538 20539 20560 20584 20611 20629 20658 20693 20699 20713 20754 20755 20756 20773 20800 20854 20876 20900 20906 20929 20973 20983 20998 20999 21009 21010 21068 21075 21076 21085 21086 21099 21133 21159 21160 21170 21179 21188 21189 21203 21238 21257 21258 21336 21435 21455 21523 24068 24069 29492 29513 
	}
	weather={
	}
}
