
strategic_region={
	id=52
	name="STRATEGICREGION_52"
	provinces={
		100 109 377 426 681 1099 1331 1534 1706 1767 2067 2448 3874 4076 4244 4398 4463 4493 4509 5285 5428 5552 5683 5712 5722 5768 6071 6082 6096 6097 6452 6473 6626 6739 6814 6941 6973 7242 7409 7565 7602 7717 7731 7953 8163 8202 8520 8577 9038 9300 9335 9343 9415 9482 9486 9776 9870 9953 9997 10175 10605 10632 10776 10785 11014 11260 11419 11572 11747 11931 11934 12268 12307 12309 21873 21887 21954 21961 21962 21970 21971 22013 22019 22020 22044 22053 22060 22091 22109 22110 22116 22117 22127 22150 22155 22176 22185 22214 22226 22254 22260 22261 22267 22280 22281 22290 22298 22327 22328 22329 22335 22336 22337 22354 22355 22371 22396 22397 22410 22421 22427 22431 22434 22454 22477 22478 22483 22495 22536 22539 22546 22547 22564 22597 22606 22607 22615 22621 22630 22647 22648 22651 22672 22684 22693 22698 22708 22713 22735 22736 22807 24102 24119 29554 29558 29562 29567 29569 29570 29578 29580 29582 
	}
	weather={
	}
}
