
strategic_region={
	id=54
	name="STRATEGICREGION_54"
	provinces={
		235 297 360 395 402 521 535 742 772 867 959 1077 1164 1350 1352 1498 1626 1635 1694 1760 1821 1824 1928 1984 1992 2016 2169 2365 2415 2514 2616 2651 2702 2719 2724 2773 2836 2922 3039 3040 3079 3098 3143 3151 3301 3364 3396 3422 3425 3448 3569 3678 3690 3694 3784 3861 3916 3967 3977 4013 4106 4184 4303 4314 4317 4351 4414 4448 4476 4501 4505 4517 4576 4759 4784 4926 4946 5013 5025 5089 5116 5213 5229 5279 5331 5410 5461 5472 5554 5680 5765 5780 5795 5813 5859 5876 5878 5908 5914 5964 6129 6155 6160 6241 6250 6254 6271 6273 6319 6344 6366 6411 6434 6439 6453 6483 6530 6533 6719 6797 6826 6842 6887 6933 6945 6953 7065 7095 7135 7157 7175 7227 7237 7267 7341 7386 7512 7540 7560 7578 7596 7610 7661 7707 7747 7780 7839 7858 7885 7908 7915 7929 7981 8034 8044 8070 8160 8165 8182 8314 8322 8342 8357 8410 8509 8603 8698 8723 8771 8789 8797 8823 8867 8874 8918 8994 9047 9152 9257 9284 9301 9305 9307 9332 9378 9393 9405 9447 9491 9553 9591 9699 9822 9825 9828 9858 9912 9961 9998 10037 10085 10124 10298 10338 10339 10389 10391 10415 10430 10446 10449 10488 10535 10581 10588 10636 10688 10820 10945 10962 10989 11082 11145 11152 11303 11334 11598 11609 11659 11689 11699 11700 11750 11752 11782 11801 11826 11842 11845 11858 11886 11923 12003 12129 12241 12287 12306 12382 12401 12467 12482 12492 16164 16243 16327 16342 16377 16418 16479 16521 16559 16597 16623 16662 16807 16808 16833 16850 16866 16931 16932 16933 16954 16997 17007 17017 17030 17054 17075 17090 17091 17116 17142 17154 17155 17171 17191 17214 17215 17216 17276 17277 17293 17312 17324 17339 17361 17372 17388 17419 17420 17443 17451 17465 17466 17476 17477 17521 17533 17545 17561 17589 17602 17613 17614 17624 17635 17652 17705 17721 17722 17737 17738 17739 17749 17755 17765 17782 17796 17797 17833 17844 17845 17846 17859 17870 17896 17925 17934 17953 17966 17978 17987 18002 18003 18026 18035 18101 18109 18110 18111 18129 18130 18157 18158 18193 18216 18217 18218 18231 18245 18246 18262 18263 18279 18294 18302 18331 18362 18363 18391 18428 18438 18451 18467 18492 18493 18494 18506 18524 18525 18544 18545 18557 18579 18594 18595 18610 18620 18639 18640 18641 18642 18655 18656 18671 18688 18712 18724 18759 18760 18770 18811 18819 18835 18836 18858 18878 18879 18880 18929 18941 18957 18979 18994 19035 19036 19037 19064 19065 19088 19089 19119 19120 19136 19148 19160 19168 19180 19204 19215 19236 19252 19306 19307 19308 19317 19318 19327 19375 19376 19397 19398 19424 19439 19451 19456 19457 19470 19482 19483 19515 19542 19564 19594 19595 19615 19646 19656 19662 19691 19692 19702 19709 19740 19752 19753 19763 19805 19807 19816 19817 19832 19855 19890 19902 19910 19958 19959 20000 20005 20160 20209 20288 20296 20309 20389 20401 20480 20543 20562 24029 29127 29145 29162 29173 29186 29190 29191 29193 29197 29229 29239 29246 29254 29256 29258 29260 29262 29267 29268 29270 29275 29280 29287 29289 29294 29297 29317 29339 29347 29350 29390 29391 29403 
	}
	weather={
	}
}
