
strategic_region={
	id=55
	name="STRATEGICREGION_55"
	provinces={
		28 31 194 355 479 585 806 1019 1059 1663 1697 1766 1804 1911 2220 2429 2553 2735 3007 3254 3341 3345 3385 3710 3744 3816 3902 3989 4025 4032 4062 4203 4238 4253 4323 4343 4422 4563 4584 4604 4723 4938 5320 5323 5379 5630 5677 5725 5824 6039 6088 6208 6225 6363 6613 6733 6857 6892 6960 7029 7069 7083 7112 7121 7146 7198 7368 7770 7813 7867 7891 7909 8148 8204 8214 8263 8285 8399 8433 8463 8682 8724 8806 8814 9025 9032 9128 9219 9238 9242 9255 9261 9359 9399 9401 9480 9585 9708 9857 9876 9879 9894 9909 9985 10121 10138 10169 10271 10456 10528 10602 10752 10815 10899 10994 11146 11240 11432 11438 11602 11727 11777 11883 11974 12035 12091 12100 12263 12344 12356 12361 12368 12409 12485 19806 19891 19945 20006 20030 20061 20081 20091 20092 20131 20159 20182 20231 20274 20295 20308 20335 20376 20388 20418 20441 20479 20481 20492 20513 20514 20515 20529 20542 20552 20573 20574 20575 20585 20594 20595 20601 20613 20614 20630 20640 20662 20663 20676 20677 20678 20694 20701 20715 20723 20724 20725 20765 20775 20776 20810 20811 20824 20831 20837 20867 20868 20869 20880 20894 20895 20907 20915 20916 20930 20940 20953 20992 21028 21043 21044 21071 21090 21134 21143 21154 21155 21174 21206 21207 21217 21227 21228 21229 21249 21291 21307 21308 21421 21440 21447 21457 21493 21516 21536 21545 21560 21613 21647 21652 21709 21732 21733 21752 21778 21824 21854 21882 21902 21915 21922 21941 21977 21990 21992 21998 22055 22118 22215 22291 22299 22398 22435 22464 22515 24070 24097 29449 29452 29462 29466 29476 29485 29499 29511 29521 29523 29535 29542 29550 29551 29573 29575 29576 
	}
	weather={
	}
}
