
strategic_region={
	id=56
	name="STRATEGICREGION_56"
	provinces={
		1342 2206 2765 2898 3575 4127 4165 5252 5262 5415 5486 5600 5640 5673 5800 6084 6107 6295 6863 7461 7644 7673 7881 7972 7973 8784 8818 8889 8930 8998 9253 10369 10692 10863 10979 11076 11417 11857 11980 12044 12473 14516 14547 14579 14624 14734 14782 14946 15021 15080 15081 15082 15181 15231 15232 15233 15336 15356 15374 15483 15497 15520 15549 15633 15634 15679 15705 15751 15772 15892 15914 16041 16070 16099 16131 16150 16335 16389 16425 16444 16486 16515 16538 16655 16687 16688 16725 16802 16856 17183 17332 17481 29040 29041 29064 29065 29071 
	}
	weather={
	}
}
