
strategic_region={
	id=57
	name="STRATEGICREGION_57"
	provinces={
		598 761 1013 1079 1324 1431 1839 2051 2239 2242 2299 2810 2929 3147 3503 3752 4018 4430 4585 4795 4894 5269 5357 5483 5521 5591 5832 5923 6012 6242 6283 6285 6430 6471 6618 6637 6717 6847 6859 6865 7105 7215 7264 7304 7497 7548 7715 8783 8919 9170 9214 9323 9455 9842 10041 10095 10360 10478 10560 10700 10704 10827 11372 11429 11618 12020 12272 12340 12386 14623 14750 14763 14862 14901 14920 14995 15031 15041 15068 15107 15120 15148 15149 15195 15230 15275 15285 15304 15347 15373 15388 15417 15442 15443 15444 15517 15518 15519 15616 15654 15667 15668 15678 15770 15771 15785 15800 15814 15845 15846 15847 15866 15879 15913 15931 15940 15977 16014 16015 16040 16067 16068 16069 16085 16148 16149 16157 16177 16209 16210 16220 16235 16273 16274 16301 16372 16387 16388 16443 16550 16551 16552 16653 16654 16679 16724 16783 16801 16831 16943 16944 16965 17069 17105 17231 17288 17435 17472 17502 17683 17731 17792 17812 29074 29091 29110 29113 29121 29123 29130 29136 29170 29183 29206 
	}
	weather={
	}
}
