
strategic_region={
	id=58
	name="STRATEGICREGION_58"
	provinces={
		59 437 475 1943 2019 3109 3626 4035 4332 4786 5026 5062 5503 5786 5991 6407 6524 6742 6790 7032 7060 7574 7863 8334 8405 8627 8778 9177 9311 9635 9916 9981 10038 10291 10505 10629 10723 10790 10898 11140 11172 11254 11586 11795 11847 12029 12121 12362 12471 12510 12511 12516 12520 12533 12535 12539 12543 12545 12552 12562 12563 12579 12580 12581 12584 12592 12594 12595 12598 12599 12602 12603 12607 12609 12615 12616 12617 12619 12621 12626 12630 12634 12642 12650 12653 12656 12661 12662 12670 12675 12676 12680 12681 12689 12690 12696 12702 12703 12706 12707 12715 12716 12719 12725 12738 12741 12743 12747 12756 12793 12806 12816 12821 12831 12843 12910 12930 23827 23830 23834 23840 23847 23851 23854 23875 28963 28964 28965 28968 
	}
	weather={
	}
}
