
strategic_region={
	id=59
	name="STRATEGICREGION_59"
	provinces={
		176 459 559 1053 1263 1416 1500 1648 1754 1931 2108 2160 2251 2267 2445 2865 3028 3110 3287 3441 3473 3612 3628 3645 3868 3872 3972 4197 4297 4397 4479 4523 4552 4581 4583 4703 4739 4758 4763 4827 4896 4906 5079 5114 5682 5769 5849 5956 5965 6026 6035 6224 6448 6498 6529 6646 6702 6765 6979 7066 7120 7186 7223 7383 7474 7489 7615 7838 7958 7967 8135 8247 8371 8419 8502 8530 8602 8660 8787 8795 8852 8875 9061 9130 9204 9254 9377 9535 9638 9783 10013 10094 10166 10171 10303 10322 10497 10604 10797 10917 10961 10975 11038 11157 11170 11270 11469 11574 11716 11850 11984 11998 12247 12278 13932 13933 13959 13969 13970 14029 14039 14059 14068 14089 14090 14119 14120 14130 14151 14152 14186 14211 14212 14226 14227 14250 14251 14308 14314 14315 14352 14353 14386 14426 14427 14436 14461 14462 14463 14492 14503 14515 14533 14577 14578 14588 14589 14690 14691 14699 14715 14716 14733 14802 14816 14826 14838 14839 14840 14841 14860 14861 14887 14900 14967 14990 14991 14992 14993 14994 15040 15052 15104 15105 15106 15163 15164 15165 15180 15192 15193 15194 15243 15244 15258 15274 15302 15303 15316 15346 15371 15372 15387 15406 15407 15482 15496 15533 15546 15547 15548 15565 15591 15677 15688 15783 15784 15797 15798 15799 15813 15844 15878 15890 15891 15900 15912 15959 15993 16025 16065 16066 16098 16130 16175 16176 16190 16191 16207 16208 16253 16272 16287 16300 16316 16352 16353 16354 16371 16386 16424 16442 16485 16500 16514 16579 16639 16678 16723 24001 29028 29033 29035 29056 29073 29075 29083 29093 29098 29099 29109 29111 29114 29117 29124 29125 29128 29132 29137 
	}
	weather={
	}
}
