
strategic_region={
	id=6
	name="STRATEGICREGION_6"
	provinces={
		232 336 430 893 1251 1449 2066 2302 2706 2879 2983 3077 3082 3137 3544 3625 3683 3815 3943 4094 4105 4115 4263 4333 4706 4782 5000 5070 5117 5166 5278 5389 5400 5450 5905 5913 6052 6203 6409 6528 6661 6796 6840 6934 6940 7150 7212 7302 7359 7606 8113 8155 8283 8459 8763 8924 8964 8985 9193 9233 9295 9321 9445 9473 9648 9988 10004 10006 10049 10235 10257 10269 10382 10511 10645 10676 10724 10794 10814 10825 10865 10874 10886 10925 11084 11247 11389 11454 11665 11725 11774 11915 11937 12067 12232 12364 12410 12497 13453 13483 13500 13515 13549 13553 13554 13579 13593 13615 13616 13629 13630 13658 13659 13668 13677 13678 13679 13693 13694 13702 13709 13723 13743 13744 13765 13769 13778 13784 13795 13796 13815 13816 13833 13834 13835 13836 13850 13861 13862 13863 13869 13877 13878 13948 13963 13964 13990 14000 14012 14013 14014 14015 14042 14043 14062 14086 14096 14111 14145 14191 14205 14230 14231 14288 14309 14319 14320 14343 14364 14388 14389 14408 14415 14416 14441 14442 14443 14494 14508 14509 14531 14553 14554 14593 14614 14656 14666 14667 14683 14705 14787 14820 14829 14830 14876 14922 14935 14952 14953 14974 15022 15023 15033 15070 15088 15112 15123 15135 15152 15218 15219 15220 15287 15338 15433 15449 15572 15606 23921 23925 23926 23927 23928 23931 23932 23936 23938 23939 23940 23941 23942 23945 23947 23948 23956 23959 23961 23984 28999 29046 29058 
	}
	weather={
	}
}
