
strategic_region={
	id=62
	name="STRATEGICREGION_62"
	provinces={
		260 652 682 1058 1218 2038 2649 2903 3025 3284 3419 3566 3579 3652 3667 3763 3857 3932 4210 4261 4369 4579 4687 4733 4822 4835 4884 4913 4936 4983 5134 5311 5375 5718 5894 5940 6417 6425 6558 7046 7125 7418 7521 7535 7611 7820 7898 8075 8207 8211 8242 8258 8355 8461 8506 8601 8605 8674 8850 8869 8870 8881 9282 9350 9456 9528 9733 9830 9951 10103 10312 10417 10542 10598 10627 10658 10712 10890 11111 11226 11368 11745 11767 11877 12084 12114 12367 12380 13955 14058 14065 14126 14163 14164 14246 14350 14450 14574 14621 14647 14663 14698 14727 14747 14781 14797 14798 14835 14918 14963 14987 15047 15048 15100 15118 15189 15190 15210 15211 15212 15253 15254 15314 15344 15355 15366 15401 15402 15424 15425 15512 15513 15539 15540 15587 15599 15628 15629 15630 15631 15648 15649 15664 15665 15674 15718 15719 15781 15792 15808 15826 15827 15842 15861 15862 15927 15928 15952 15953 15972 16050 16063 16079 16080 16156 16171 16172 16186 16203 16219 16250 16296 16348 16409 16410 16437 16438 16497 16568 16576 16590 16636 16637 16710 16748 16877 16906 16985 17036 17065 17101 23967 29061 29096 29097 2897 5176 7092 7628 8585 10451 11522 15129 15130 15161 15227 15268 15333 15479
	}
	weather={
	}
}
