
strategic_region={
	id=64
	name="STRATEGICREGION_64"
	provinces={
		319 1196 1353 1458 1701 1860 2115 2123 2571 4091 4146 4315 4620 4858 5022 5065 5454 6101 6134 6139 7484 7761 7763 8130 8138 8408 8683 8810 8910 9753 10221 10263 10440 10459 10483 10530 10545 10593 10638 10851 10875 10896 11166 11453 11959 12030 12123 12166 12311 13674 13831 13842 13884 13894 13915 13931 13958 14007 14023 14028 14048 14067 14129 14142 14143 14239 14248 14249 14261 14285 14306 14307 14326 14327 14363 14396 14397 14411 14412 14413 14425 14435 14451 14474 14475 14490 14514 14530 14544 14545 14563 14586 14587 14688 14713 14730 14760 14800 14814 14824 14857 14858 14859 14945 14964 14965 14988 15029 15066 15102 15103 15240 15256 15405 15441 15468 15544 15545 23960 23964 23965 23966 23974 29018 29043 29055 
	}
	weather={
	}
}
