
strategic_region={
	id=65
	name="STRATEGICREGION_65"
	provinces={
		17 87 294 389 483 489 504 581 723 844 1234 1320 1348 1444 1507 1554 1646 1872 2167 2266 2271 2411 2456 2555 2811 3160 3162 3168 3204 3208 3476 3580 3666 4159 4211 4311 4329 4355 4380 4457 4548 4616 4778 4920 4923 5038 5045 5069 5201 5432 5457 5516 5538 5569 5599 5603 5702 5704 5709 5720 5728 5729 5803 5814 5830 5842 5846 5907 6011 6124 6140 6264 6290 6329 6352 6467 6492 6588 6599 6611 6631 6673 6677 6698 6801 6935 6965 7119 7251 7260 7361 7379 7433 7434 7554 7561 7621 7626 7651 7704 7928 8107 8124 8132 8223 8261 8282 8364 8397 8471 8847 8968 9064 9337 9366 9372 9400 9557 9623 9711 9741 9795 9859 9873 9954 10003 10036 10354 10413 10443 10603 10641 10780 10804 10805 10912 10949 11135 11243 11283 11375 11626 11734 11749 11792 11873 11876 12017 12099 12202 12330 12464 13922 13968 14049 14105 14385 14404 14491 14502 14546 14576 14638 14649 14650 14681 14682 14689 14714 14731 14732 14761 14762 14801 14815 14825 14885 14886 14898 14899 14966 14989 15006 15019 15020 15030 15039 15067 15079 15119 15132 15133 15146 15147 15179 15228 15229 15241 15242 15257 15272 15273 15301 15335 15345 15368 15369 15370 15453 15469 15480 15481 15516 15532 15564 15590 15600 15601 15615 15632 15666 15675 15676 15687 15704 15750 15769 15782 15796 15811 15812 15877 15889 15929 15930 15939 15957 15958 15974 15975 15976 16004 16013 16039 16064 16084 16097 16147 16174 16189 16206 16286 16298 16299 16314 16315 16333 16334 16351 16441 16461 16462 16483 16484 16535 16536 16537 16549 16591 16604 16619 16626 16627 16652 16676 16677 16781 16782 16800 16844 16845 16918 16925 16926 16942 16964 16987 16988 16989 17067 17068 17104 17124 17138 17149 17150 17165 17166 17208 17209 17243 17254 17267 17287 17303 17304 17305 17320 17369 17382 17399 17410 17411 17412 17434 17460 17480 17501 17523 17556 17573 17574 17595 17671 17682 17713 17745 17791 23952 23953 23958 23990 23992 23994 29019 29023 29026 29027 29032 29039 29047 29077 29080 29118 29134 29166 29189 29202 
	}
	weather={
	}
}
