
strategic_region={
	id=66
	name="STRATEGICREGION_66"
	provinces={
		1314 1660 1773 1806 1818 2072 2470 2693 3068 3321 3546 4391 5196 5208 5625 5926 6270 6553 7356 7460 7916 8052 8259 8661 9096 9120 9264 9269 9272 9277 9387 9450 9994 10333 10502 10744 10951 11012 11113 11125 11262 11298 11310 11558 12103 12179 12402 12406 12460 12855 12881 12897 12898 12921 12922 12928 12932 12942 12943 12944 12954 12968 12976 12983 12984 12999 13003 13008 13016 13017 13022 13041 13042 13052 13059 13079 13090 13096 13097 13107 13119 13126 13134 13135 13141 13145 13148 13149 13150 13151 13156 13172 13175 13176 13177 13178 13181 13182 13193 13194 13195 13206 13213 13214 13229 13236 13237 13238 13262 13263 13271 13276 13277 13278 13279 13294 13307 13308 13327 13333 13335 13336 13354 13371 13420 
	}
	weather={
	}
}
