
strategic_region={
	id=67
	name="STRATEGICREGION_67"
	provinces={
		411 1087 1405 1728 1886 2205 2452 2625 2691 3020 3117 3384 3822 3907 3927 4435 4560 4682 4942 4973 5076 5183 5500 5951 6115 6207 6234 6531 6776 7162 7466 7495 7505 7711 7875 8104 8112 8158 8457 8631 8729 8916 9086 9102 9227 9274 9758 9798 9836 9875 9897 10259 10480 10490 10791 10868 11107 11191 11230 11349 11396 11422 11555 11776 11964 12006 12085 12412 13334 13380 13392 13408 13416 13452 13458 13465 13466 13482 13491 13499 13511 13514 13538 13539 13546 13547 13548 13578 13586 13595 13600 13605 13606 13614 13623 13624 13628 13640 13642 13643 13652 13666 13687 13691 13692 13707 13708 13721 13727 13728 13736 13741 13742 13761 13762 13772 13791 13792 13803 13813 13814 13821 13822 13855 13867 13885 13886 13895 13896 13943 13944 13960 13961 13971 13983 14008 14009 14069 14091 14092 14121 14153 14213 14262 14276 14316 14328 14428 14437 14464 14700 23951 28985 
	}
	weather={
	}
}
