
strategic_region={
	id=7
	name="STRATEGICREGION_7"
	provinces={
		272 858 1275 1446 1564 1759 1869 1871 1973 2260 2331 4151 4193 4521 4632 4766 4807 4985 5047 5109 5856 6057 6217 6343 6591 6656 6721 6745 6791 6885 7022 7218 7382 7482 7733 8458 8542 8578 8670 9302 9563 9669 9683 9687 9922 9992 10059 10127 10254 10283 10353 10416 10420 10461 10543 10555 10756 10807 10817 10907 11063 11083 11168 11229 11478 11497 11509 11617 11697 11846 12244 12396 12479 13523 13588 13597 13625 13633 13680 13696 13703 13731 13737 13745 13746 13759 13786 13797 13798 13806 13807 13808 13817 13818 13837 13864 13870 13871 13880 13891 13919 13920 13937 13952 13965 13973 13974 14001 14016 14017 14034 14052 14053 14054 14071 14087 14097 14098 14099 14146 14168 14169 14192 14206 14219 14232 14267 14300 14331 14344 14430 14444 14445 14456 14498 14511 14567 14737 14789 28988 28993 28997 29001 29003 29008 
	}
	weather={
	}
}
