
strategic_region={
	id=71
	name="STRATEGICREGION_71"
	provinces={
		27 627 1915 2053 2187 2313 2357 2829 3245 3636 3789 4882 4902 4955 5973 6182 6968 7017 7268 7405 7425 8442 8636 9046 9315 9440 9589 10029 10163 10462 11258 11376 11748 16374 16490 16581 16632 16753 16767 16789 16883 16884 16897 16919 16930 16947 16948 16991 17024 17042 17086 17109 17110 17151 17203 17236 17246 17259 17260 17268 17384 17385 17405 17406 17475 17484 17507 17529 17530 17598 17648 17674 17675 17688 17699 17700 17715 17716 17747 17778 17829 17869 17931 17973 17998 18178 18241 18311 18461 29164 29178 
	}
	weather={
	}
}
