
strategic_region={
	id=72
	name="STRATEGICREGION_72"
	provinces={
		208 247 275 347 392 565 762 946 953 1010 1115 1162 1378 1382 1408 1567 1612 1651 1741 1857 1890 1961 1962 2186 2254 2672 2841 2923 2940 2952 3220 3227 3324 3368 3379 3454 3478 3513 3529 3596 3647 3672 3702 3797 3886 4034 4145 4152 4452 4459 4477 4665 4885 4989 5034 5265 5295 5299 5302 5383 5402 5463 5594 5705 5710 6023 6073 6209 6304 6398 6424 6523 6946 7071 7134 7342 7372 7435 7510 7523 7533 7539 7569 7681 7762 7778 7890 7987 8017 8203 8229 8380 8393 8453 8523 8540 8584 8593 8751 8761 8832 8854 8857 8858 8977 9934 9977 10051 10115 10143 10160 10458 10642 10649 10822 10854 10999 11062 11388 11445 11495 11529 11584 11627 11630 11683 11762 11805 11812 11899 11920 12223 12284 12451 16553 16658 16788 16821 16882 16929 16946 17073 17108 17185 17186 17202 17258 17335 17483 17597 17622 17687 17698 17814 17828 17858 18068 18083 18099 18143 18154 18155 18199 18200 18212 18289 18326 18347 18358 18425 18435 18436 18437 18446 18504 18509 18518 18540 18567 18605 18606 18649 18737 18738 18783 18784 18853 18854 18871 18886 18899 18900 18926 18949 18965 18974 18992 19001 19002 19075 19094 19106 19107 19131 19132 19142 19143 19185 19186 19201 19209 19223 19224 19232 19269 19282 19303 19325 19348 19354 19370 19391 19416 19417 19418 19445 19526 19527 19537 19538 19558 19570 19577 19588 19604 19620 19621 19641 19642 19697 19718 19719 19720 19735 19748 19757 19798 19799 19813 19825 19826 19858 19895 19915 19927 19935 19952 19953 19970 20020 20027 20028 20048 20109 20120 20121 20127 20142 20193 20204 20248 20263 20283 20338 20423 20434 20476 20548 20608 24023 29306 29381 29384 
	}
	weather={
	}
}
