
strategic_region={
	id=73
	name="STRATEGICREGION_73"
	provinces={
		25 211 357 508 575 648 866 1127 1649 1880 2046 2386 2440 2501 2511 2631 2936 2964 3011 3041 3074 3500 3502 3542 3836 3936 3987 4088 4383 4402 4589 4597 4702 4767 4768 4803 4806 4823 5175 5447 5609 5825 6034 6167 6289 6436 6616 6820 7048 7357 7478 7777 7846 7906 7974 8036 8048 8241 8579 8669 8672 8758 8764 8770 8922 9050 9123 9201 9532 9614 9684 9815 9886 9965 9974 10053 10282 10372 10383 10707 10760 10859 10965 11067 11068 11097 11153 11236 11367 11390 11427 11575 11629 11763 11929 11938 11940 11953 11988 12015 12201 12383 12430 12448 12458 17558 17585 17586 17717 17839 17921 17932 17947 17962 17974 17975 18058 18084 18085 18188 18201 18202 18213 18226 18242 18275 18290 18291 18300 18312 18348 18359 18360 18370 18386 18401 18426 18462 18519 18520 18541 18650 18682 18708 18739 18757 18766 18814 18830 18831 18832 18844 18861 18872 18873 18887 18888 18901 18927 18936 18950 18951 18952 18966 18975 18985 18986 19003 19015 19023 19033 19045 19058 19059 19076 19077 19085 19095 19115 19144 19145 19146 19175 19187 19202 19203 19210 19211 19250 19283 19284 19293 19294 19295 19304 19313 19314 19326 19332 19355 19371 19372 19392 19393 19419 19420 19421 19428 19446 19447 19448 19462 19463 19476 19477 19478 19496 19505 19506 19507 19508 19528 19529 19530 19539 19540 19559 19560 19578 19605 19606 19629 19659 19686 19698 19721 19722 19749 19789 19790 19800 24031 29335 29340 
	}
	weather={
	}
}
