
strategic_region={
	id=75
	name="STRATEGICREGION_75"
	provinces={
		287 1074 1084 1121 1595 1676 1703 1980 2010 2197 2230 2231 2393 2446 2449 2528 2792 2909 2990 3076 3175 3187 3363 3472 3556 3600 3700 3724 3753 3928 3946 4039 4100 4328 4353 4357 4368 4388 4427 4455 4683 4794 4804 4809 4856 4861 5012 5020 5044 5105 5227 5256 5386 5458 5490 5493 5496 5513 5527 5585 5726 5757 5823 5924 5949 5990 6089 6141 6156 6201 6317 6451 6491 6615 6864 6905 6914 6980 7012 7093 7103 7122 7154 7226 7294 7306 7328 7340 7419 7422 7538 7709 7719 7768 7877 7892 8196 8279 8284 8332 8333 8348 8365 8467 8491 8526 8570 8651 8700 8840 8876 8926 8931 9020 9071 9184 9239 9471 9574 9751 9772 9792 9821 9910 10001 10025 10027 10191 10273 10412 10422 10519 10702 10746 10816 11026 11052 11134 11228 11274 11305 11350 11401 11410 11437 11518 11528 11576 11722 11820 11834 11882 11898 12031 12113 12145 12160 12184 12257 12275 12286 12304 12432 14970 14996 15032 15166 15167 15182 15198 15277 15305 15306 15317 15318 15319 15357 15391 15446 15456 15457 15550 15551 15568 15593 15602 15603 15618 15619 15670 15690 15707 15708 15709 15741 15742 15753 15786 15787 15817 15818 15829 15882 15902 15916 15917 15918 15919 15932 15980 15981 15995 16006 16007 16017 16044 16052 16071 16101 16118 16119 16134 16135 16136 16137 16159 16178 16212 16222 16223 16236 16255 16277 16288 16303 16304 16337 16373 16390 16413 16414 16445 16464 16489 16502 16517 16539 16580 16605 16631 16641 16642 16656 16657 16689 16712 16735 16751 16786 16787 16820 16846 16847 16880 16896 16912 16968 17003 17050 17071 17085 17107 17201 17233 17234 17245 17290 17307 17333 17334 17355 17356 17370 17401 17402 17437 17474 17482 17505 17517 17525 17540 17541 17557 17631 17639 17646 17647 17673 17696 17753 17776 17777 17837 17854 17855 17879 17894 17961 17994 18097 18153 18176 18198 18254 18324 18398 18553 18973 24004 24025 29107 29115 29119 29129 29135 29171 29241 29281 29316 29333 29334 
	}
	weather={
	}
}
