
strategic_region={
	id=76
	name="STRATEGICREGION_76"
	provinces={
		6 34 107 277 350 529 781 813 814 881 947 980 1066 1142 1153 1198 1199 1227 1237 1264 1335 1411 1423 1425 1541 1608 1636 1721 1805 1922 2032 2111 2145 2174 2183 2268 2300 2305 2489 2531 2569 2687 2710 2725 2828 2884 2999 3070 3092 3157 3193 3319 3399 3403 3420 3475 3527 3537 3553 3587 3674 3777 3808 3840 3849 3930 3941 3953 3964 3965 3978 4026 4059 4133 4138 4178 4283 4312 4384 4461 4643 4797 4852 5046 5049 5051 5082 5219 5241 5274 5356 5425 5484 5614 5822 5892 5920 5938 5976 6076 6387 6405 6435 6538 6758 6819 6871 6889 6996 7039 7099 7153 7164 7202 7250 7370 7391 7412 7449 7462 7483 7552 7581 7586 7720 7728 7745 7787 7851 7876 7943 8006 8306 8359 8610 8654 8696 8711 8721 8757 8769 8798 8948 8953 9033 9058 9077 9101 9143 9149 9210 9230 9276 9319 9338 9420 9519 9522 9581 9626 9637 9713 9737 9802 9845 9967 9982 10057 10108 10118 10197 10329 10351 10444 10487 10584 10585 10592 10648 10664 10679 10689 10691 10701 10725 10750 10801 10838 10895 10991 11007 11050 11160 11163 11181 11210 11215 11233 11284 11322 11353 11354 11471 11505 11507 11547 11596 11600 11791 11982 12005 12059 12089 12111 12115 12128 12197 12227 12258 12315 12325 12334 12365 12377 12411 12414 14504 14517 14518 14519 14548 14550 14625 14639 14651 14665 14701 14717 14735 14764 14783 14784 14817 14818 14827 14863 14864 14872 14873 14902 14911 14912 14921 14933 14947 14948 14949 14968 14969 15007 15042 15069 15083 15084 15085 15086 15108 15109 15110 15196 15197 15215 15216 15245 15276 15337 15348 15349 15375 15376 15389 15390 15418 15428 15445 15454 15455 15484 15521 15522 15534 15535 15566 15567 15592 15617 15635 15669 15680 15689 15706 15721 15752 15773 15801 15815 15816 15867 15880 15881 15893 15901 15915 15941 15978 15979 15994 16005 16016 16026 16042 16043 16100 16132 16133 16158 16192 16211 16221 16254 16275 16276 16302 16317 16318 16319 16336 16355 16356 16412 16426 16463 16473 16487 16488 16501 16516 16569 16628 16629 16630 16640 16680 16711 16749 16750 16784 16785 16803 16819 16857 16858 16859 16894 16895 16910 16911 16927 16928 16966 16967 17014 17015 17040 17070 17083 17084 17106 17125 17126 17184 17199 17200 17232 17244 17255 17256 17289 17306 17321 17353 17354 17383 17400 17413 17414 17436 17447 17448 17473 17503 17504 17524 17619 17645 17659 17672 17684 17685 17746 17763 17775 17867 17868 17878 17893 17918 17984 17993 18044 18045 18056 18066 18121 18142 18152 18185 18208 18209 18224 18240 18253 18273 18287 18288 18299 18321 18322 18323 18385 18409 18422 18423 18424 18460 18508 18530 18538 18539 18588 18604 18625 18626 18635 18663 18706 18721 18722 18756 18764 18778 18779 18827 18850 18869 18870 18884 18961 18962 18984 19014 19072 19174 19257 29025 29030 29048 29054 29057 29059 29069 29088 29146 29198 29215 29253 29298 29342 29369 
	}
	weather={
	}
}
