
strategic_region={
	id=77
	name="STRATEGICREGION_77"
	provinces={
		243 741 865 937 2094 3432 4103 4262 4327 4881 5480 6727 6963 7289 7332 7751 7791 9034 9198 9391 9843 10524 10856 10902 11420 11674 11736 11952 12292 13050 13140 13212 13220 13235 13254 13255 13288 13289 13292 13306 13313 13325 13343 13344 13365 13375 13385 13391 13405 13419 13427 13431 13439 13440 13457 13464 13479 13480 13510 13513 13521 13530 13537 13567 13568 13569 13575 13613 13622 13686 13711 13720 13771 13846 13967 13980 14037 14046 23944 23957 23969 
	}
	weather={
	}
}
