
strategic_region={
	id=78
	name="STRATEGICREGION_78"
	provinces={
		175 240 1226 1464 1530 2244 2562 2712 3046 3855 3976 4255 4667 4724 4860 5560 5869 5906 5916 6109 6357 6419 6514 6701 6706 6816 6932 7736 7882 8056 8071 8103 8689 8961 9368 9439 9840 10234 10784 11264 11473 11645 11780 12208 22151 22164 22246 22300 22314 22315 22377 22447 22486 22511 22548 22565 22602 22637 22667 22685 22699 22704 22705 22719 22737 22784 22796 22805 22813 22828 22841 22852 22853 22875 22888 22889 22895 22930 22935 22938 22972 22994 23006 23007 23013 23024 23027 23034 23045 23052 23059 23068 23080 23094 23099 23101 23114 23123 23161 23164 29593 29602 29607 29609 29612 29613 29619 29621 
	}
	weather={
	}
}
