
strategic_region={
	id=79
	name="STRATEGICREGION_79"
	provinces={
		725 801 913 1091 1468 1682 2639 2658 3065 3283 3431 3479 3491 3713 3736 4678 5414 5433 5664 5863 6259 6297 6367 6422 6645 6780 7137 7166 7300 7604 7648 7782 7810 7827 7936 8141 8190 8233 8634 8668 8966 9010 9172 9173 9860 10081 10359 10468 10656 10705 10709 10982 11041 11167 11223 12429 21825 21923 21994 22062 22119 22138 22152 22156 22187 22195 22217 22218 22227 22228 22295 22330 22339 22343 22368 22373 22378 22379 22399 22423 22424 22439 22440 22481 22487 22500 22523 22531 22549 22578 22603 22638 22649 22674 22680 22706 22730 22754 22791 22797 22829 22847 22880 22901 22936 22943 22975 22998 23002 29566 29600 29604 
	}
	weather={
	}
}
