
strategic_region={
	id=81
	name="STRATEGICREGION_81"
	provinces={
		132 412 448 718 758 1254 1838 2790 2980 3222 3437 3796 3944 4535 4625 4686 4875 5495 5604 5730 5954 6238 6813 7156 7181 7187 7298 7612 7925 7998 8195 8199 8446 8663 8742 9135 9228 9278 9887 10301 10769 10824 11536 11803 12016 12249 12395 22775 22783 22804 22827 22858 22894 22900 22910 22917 22934 22951 22967 22968 22983 22990 23001 23005 23020 23031 23043 23044 23056 23064 23079 23097 23098 23119 23133 23134 23144 23160 23166 23167 23182 23188 23189 23205 23209 23225 23239 23244 23248 23254 23259 23263 23275 23284 23285 23286 23331 23366 29618 29629 29630 29633 29636 29637 
	}
	weather={
	}
}
