
strategic_region={
	id=83
	name="STRATEGICREGION_83"
	provinces={
		450 610 1045 1105 1355 1509 1891 1975 1986 2005 2323 2340 2348 2358 2398 2433 2813 2852 2883 2959 3043 3072 3118 3200 3305 3318 3570 3707 4221 4236 4252 4260 4415 4424 4540 4609 4716 4887 5083 5130 5314 5378 5469 5487 5505 5522 5590 5622 5932 5936 6243 6244 6349 6394 6509 6713 6869 6902 6915 6971 7063 7094 7171 7301 7400 7457 7513 7641 7746 7779 8106 8162 8227 8307 8386 8420 8494 8529 8635 8646 8777 8802 8952 8987 9133 9342 9375 9431 9718 9865 9999 10074 10102 10226 10334 10601 10610 10727 10743 10796 10938 11108 11327 11377 11413 11451 11485 11634 11640 11708 11709 11738 11815 11828 11885 12189 12204 12285 12389 12394 12445 12462 12521 12531 12540 12541 12556 12560 12566 12573 12574 12588 12590 12593 12612 12613 12625 12627 12635 12636 12637 12640 12641 12643 12647 12657 12658 12663 12667 12673 12682 12683 12687 12691 12699 12700 12714 12717 12720 12728 12730 12732 12733 12753 12759 12763 12767 12771 12772 12775 12789 12790 12791 12803 12810 12813 12818 12838 12840 12862 12863 12868 12876 12877 12878 12888 12904 12911 12912 12918 12919 12948 12963 12964 12971 12972 12994 12995 12996 13005 13015 13020 13040 13088 13105 13106 13115 13132 13143 13160 13168 13189 13190 13211 13226 13232 13248 13261 13285 13286 13301 13329 13340 13341 13342 13360 13390 13398 13399 13418 13436 13437 13450 13455 13456 13478 13486 13496 13497 13503 13506 13528 13535 13552 13558 13559 13564 13565 13592 13598 13603 13609 13610 13611 13621 13647 13661 13673 13676 13700 13714 13734 13751 13809 
	}
	weather={
	}
}
