
strategic_region={
	id=84
	name="STRATEGICREGION_84"
	provinces={
		35 577 1015 1354 1486 2573 2761 3339 3436 3564 3644 3709 4443 4546 4645 5189 5478 5507 5657 5802 6025 6038 6266 6692 6951 6955 7053 7178 7221 7296 7469 7567 7814 8031 8098 8573 9292 9543 9882 9884 10067 10111 10228 10520 10733 10812 11085 11158 11300 11462 11484 11744 12049 12188 12248 12251 12323 12349 12435 12515 12517 12524 12528 12532 12546 12547 12549 12551 12557 12558 12559 12561 12567 12568 12576 12577 12578 12585 12589 12591 12597 12604 12605 12610 12628 12629 12633 12638 12644 12649 12654 12655 12668 12684 12692 12693 12704 12705 12709 12734 12748 12764 12779 12780 12822 12871 12908 12958 12988 13021 13116 13154 13169 13200 13209 13266 13302 23832 23869 28970 
	}
	weather={
	}
}
