
strategic_region={
	id=85
	name="STRATEGICREGION_85"
	provinces={
		51 238 379 726 1193 1311 1321 1428 1440 1502 2023 2052 2090 2572 2583 2686 2774 2945 3016 3142 3413 3578 3585 3664 3923 4273 4320 4372 4441 4451 4557 4565 4619 4744 5122 5232 5577 5659 5679 5698 5762 6113 6118 6148 6286 6299 6333 6345 6364 6547 6584 6671 6691 6710 6815 6870 7024 7369 7475 7555 7576 7739 7752 7796 7816 7940 8002 8032 8102 8105 8149 8184 8198 8473 8481 8513 8514 8547 8752 8756 8898 8907 8915 8982 8983 9048 9062 9178 9411 9714 9747 9893 10114 10148 10184 10300 10320 10381 10398 10537 10538 10633 10755 10837 10871 11104 11121 11208 11261 11342 11502 11570 11819 11936 11983 12143 12161 12176 12262 12299 12333 12623 12711 12723 12754 12776 12781 12783 12795 12814 12830 12834 12835 12847 12850 12853 12854 12858 12869 12872 12889 12890 12902 12905 12913 12914 12925 12926 12939 12949 12973 12979 12989 12990 12997 13000 13033 13036 13046 13047 13064 13076 13077 13086 13094 13102 13130 13133 13139 13204 13217 13233 13267 13303 13304 13323 13330 13361 13362 13369 13384 13414 13425 13438 13446 13463 13472 13487 13507 13508 13512 13519 13536 13566 13576 13584 13599 13612 13637 13638 13648 13662 13705 13710 13735 13739 13740 13752 13764 13766 13774 13780 13790 13801 13810 13820 13853 13872 13929 13939 13940 13953 13966 13977 13978 14018 14045 14055 14064 14075 14101 14113 14114 14124 14148 14173 14174 14221 14234 14235 14283 14539 14557 14631 23918 28980 28995 28998 
	}
	weather={
	}
}
