
strategic_region={
	id=86
	name="STRATEGICREGION_86"
	provinces={
		55 141 815 1192 1883 2720 3145 3258 3412 3806 3841 3876 4569 5214 5238 5445 5578 7097 7117 7213 7587 7952 7971 8220 8221 8483 8550 8616 8938 9344 9349 9492 9809 9993 10065 11109 11579 11958 12051 12393 12891 12920 12931 12965 12966 12998 13001 13006 13007 13048 13049 13057 13072 13089 13095 13117 13131 13155 13170 13173 13205 13218 13219 13268 13287 13312 13324 13363 13373 13374 13402 13403 13430 13488 13498 13529 13544 13560 13585 13649 13701 13706 13753 13767 13854 13873 23914 23920 28973 28982 28984 28992 
	}
	weather={
	}
}
