
strategic_region={
	id=87
	name="STRATEGICREGION_87"
	provinces={
		75 117 415 477 701 1089 1262 1414 1787 1897 1944 2040 2124 2184 2256 2369 2520 2567 2570 2582 2681 2800 2951 2988 3138 3188 3233 3262 3424 3661 3766 3870 4042 4116 4307 4338 4341 4407 4515 4550 4662 4725 4825 4915 5530 5754 5759 5943 5947 5994 5995 6091 6310 6562 6705 6711 6748 6860 7132 7147 7241 7308 7315 7392 7463 7541 7546 7618 7655 7723 7758 7829 7918 7964 8018 8092 8147 8164 8205 8369 8460 8747 8861 8949 8955 8989 9060 9079 9196 9213 9245 9289 9352 9495 9526 9639 9818 9823 10028 10079 10268 10305 10362 10467 10562 10597 10630 10644 10698 10715 10927 10966 10995 11036 11138 11142 11220 11286 11369 11447 11551 11614 11835 11868 11872 12154 12163 12301 12950 12970 12980 13012 13058 13065 13109 13144 13174 13191 13227 13234 13244 13269 13305 13351 13352 13364 13404 13415 13426 13451 13509 13520 13545 13577 13604 13641 13650 13651 13656 13657 13663 13664 13685 13715 13716 13717 13726 13754 13755 13760 13770 13775 13802 13811 13830 13839 13840 13874 13881 13902 13903 13913 13914 13941 13942 13949 13993 13994 13995 14005 14019 14036 14076 14077 14082 14102 14115 14116 14137 14149 14181 14182 14208 14209 14236 14237 14256 14257 14269 14270 14292 14293 14311 14322 14334 14335 14360 14377 14419 14459 14481 14512 14513 14540 14558 14559 14601 14602 14619 14632 14633 14642 14685 14710 14721 14722 14778 14807 14808 14834 14848 14869 14880 14890 14905 14915 14927 14981 14982 14999 15036 15074 15075 15126 15158 15205 15251 15382 15384 15476 15491 15510 15558 15624 15643 15684 15729 15739 15806 23950 28986 28987 28989 29020 29038 
	}
	weather={
	}
}
