
strategic_region={
	id=88
	name="STRATEGICREGION_88"
	provinces={
		94 1097 1407 1968 2079 2137 2249 2274 2283 2351 2353 2378 2435 2455 2535 2584 2729 2762 2827 2975 3049 3106 3366 3618 3830 3954 4005 4070 4173 4426 4641 4843 4924 5216 5233 5235 5877 6042 6384 6517 6617 6678 6736 6749 6752 6786 6830 7009 7257 7467 7476 7518 7620 7629 7634 7660 7718 7795 7831 7920 8110 8304 8378 8534 8576 8623 8644 8666 8748 8902 9035 9037 9206 9275 9330 9363 9448 9577 9705 9850 9950 9969 10321 10400 10550 10653 10956 11033 11034 11126 11200 11406 11621 11816 11956 12195 12264 12353 12400 13719 13781 13845 13882 13892 13893 13930 13950 13979 14006 14020 14056 14078 14079 14088 14103 14117 14118 14160 14161 14183 14194 14195 14210 14222 14244 14271 14272 14284 14294 14302 14303 14323 14336 14365 14366 14378 14395 14402 14467 14482 14483 14525 14541 14542 14543 14603 14634 14643 14644 14660 14661 14673 14694 14743 14744 14768 14769 14779 14795 14796 14809 14822 14881 14891 14892 14906 14907 14916 14939 14960 15037 15038 15076 15096 15116 15139 15140 15159 15187 15206 15207 15223 15238 15283 15294 15295 15310 15341 15342 15353 15354 15422 15450 15463 15492 15511 15525 15559 15578 15579 15580 15597 15613 15614 15661 15698 15730 15748 15749 15858 15859 15897 15908 15948 16034 16047 16059 16198 23985 29007 29014 29029 29051 
	}
	weather={
	}
}
