
strategic_region={
	id=9
	name="STRATEGICREGION_9"
	provinces={
		10 16 21 96 130 140 144 151 155 202 214 251 256 264 298 320 324 370 373 414 467 485 492 494 512 516 548 552 563 578 588 597 615 638 675 698 710 760 786 802 804 810 811 818 831 879 896 899 905 930 933 954 971 999 1093 1098 1109 1151 1169 1171 1195 1229 1233 1268 1364 1417 1424 1429 1463 1474 1536 1537 1572 1606 1619 1665 1686 1692 1698 1737 1739 1747 1762 1784 1819 1835 1908 1918 1933 1969 1970 2024 2041 2059 2098 2119 2163 2173 2188 2276 2295 2296 2319 2336 2352 2362 2384 2400 2408 2420 2484 2491 2497 2498 2504 2559 2594 2653 2818 2824 2860 2911 2950 2966 2981 2994 3013 3232 3243 3253 3296 3310 3313 3323 3333 3340 3351 3389 3457 3497 3540 3557 3646 3677 3687 3823 3831 3882 3885 3895 3947 3969 4024 4030 4052 4061 4077 4166 4241 4246 4274 4390 4418 4472 4480 4482 4512 4516 4709 4729 4832 4847 4864 4895 4954 5021 5024 5072 5088 5100 5139 5310 5316 5346 5441 5451 5475 5546 5654 5658 5788 5929 5946 5952 5969 6066 6119 6198 6282 6393 6469 6512 6545 6557 6574 6630 6794 6844 6853 6879 6920 6924 6926 6994 6997 7007 7062 7116 7280 7439 7453 7488 7500 7605 7665 7785 7837 7917 8066 8277 8280 8325 8389 8490 8508 8598 8620 8687 8871 8893 8959 8975 9075 9211 9286 9429 9459 9506 9576 9686 9987 10109 10394 10486 10576 10578 10621 10716 10721 10884 10894 11008 11019 11136 11326 11527 11534 11537 11797 12002 12023 12101 12216 12288 23267 23270 23283 23291 23301 23307 23308 23318 23322 23335 23343 23351 23356 23357 23374 23388 23419 23423 23473 23499 23507 23521 23527 23533 23548 23559 23568 23602 23618 23637 23644 23646 23648 23657 23663 23665 23674 23675 23678 23680 23685 23687 23691 23696 23699 23701 23704 23705 23719 23726 23731 23733 23736 23742 23744 23749 23755 23761 23762 23764 23767 23769 23774 23776 23780 23784 23788 23800 23801 23804 23809 23810 23812 23813 23816 23819 28903 28906 28907 28908 28909 28910 28912 28914 28915 28919 28920 28924 28928 28930 28931 28934 28935 28937 28942 28945 28946 28948 28949 28950 28951 28953 28959 28960 28961 29645 
	}
	weather={
	}
}
