
strategic_region={
	id=92
	name="STRATEGICREGION_92"
	provinces={
		74 353 482 511 536 917 1248 1308 1481 1539 1628 1640 1738 1846 1895 2003 2216 2337 2565 2675 2748 2899 3101 3122 3226 3370 3371 3510 3583 3734 3746 3757 3903 4011 4069 4171 4222 4227 4340 4671 4697 4708 4715 4962 5077 5115 5155 5273 5297 5317 5332 5502 5534 5621 5686 5706 5902 5953 6007 6009 6085 6146 6189 6194 6307 6427 6566 6571 6612 6653 6657 6685 6729 6761 6824 6836 6890 6907 6984 7034 7055 7193 7254 7322 7347 7353 7373 7446 7481 7737 7798 7930 8042 8111 8128 8217 8346 8451 8482 8516 8521 8538 8581 8594 8706 8911 8993 9011 9068 9232 9346 9397 9403 9542 9621 9697 9715 9720 9728 9768 9791 9793 9797 9872 9941 10073 10159 10202 10288 10425 10526 10548 10613 10614 10661 10670 10674 10748 10984 11081 11301 11405 11407 11448 11466 11467 11521 11538 11539 11540 11740 11790 12048 12094 12221 12245 12256 12259 12372 12376 12388 12496 16167 16279 16293 16307 16378 16403 16427 16428 16429 16523 16561 16634 16663 16682 16774 16825 16868 16934 16935 17055 17056 17092 17133 17156 17172 17205 17217 17248 17294 17313 17340 17341 17342 17362 17421 17488 17489 17509 17510 17562 17603 17625 17636 17689 17706 17756 17766 17798 17818 17819 17847 17871 17872 17886 17887 17911 17954 18004 18027 18036 18052 18072 18073 18112 18146 18159 18160 18170 18180 18280 18303 18304 18364 18416 18452 18485 18495 18512 18558 18559 18596 18611 18621 18622 18672 18673 18689 18690 18691 18700 18713 18749 18750 18751 18771 18789 18801 18802 18820 18837 18902 18918 18919 18942 19008 19053 19066 19082 19098 19099 19121 19122 19149 19169 19170 19194 19205 19216 19253 19309 19310 19319 19320 19361 19425 19431 19458 19484 19485 19543 19544 19574 19632 19657 19663 19683 19710 19741 19764 19784 19818 19819 19833 19903 19921 19974 20001 20024 20062 20077 20123 20145 20146 20232 20253 20289 20310 20311 20319 20336 20344 20402 20427 29120 29131 29149 29175 29176 29179 29181 29192 29203 29211 29217 29222 29225 29247 29259 29301 29336 
	}
	weather={
	}
}
