
strategic_region={
	id=93
	name="STRATEGICREGION_93"
	provinces={
		147 285 364 368 527 600 602 674 689 714 757 1034 1497 1514 1726 1801 1914 2000 2031 2236 2294 2308 2396 2615 2699 2775 2799 2880 2967 2971 3027 3191 3265 3494 3590 3633 3638 3679 3705 3712 3869 3962 4068 4198 4405 4524 4536 4537 4577 4805 5098 5138 5294 5343 5380 5518 5582 5711 5935 5966 5985 6090 6169 6190 6276 6287 6301 6302 6429 6496 6507 6510 6513 6609 6640 6700 6707 6731 6734 6746 6896 6931 7015 7205 7207 7276 7286 7321 7493 7527 7559 7702 7726 7727 7819 7913 7945 7977 8015 8049 8064 8091 8291 8400 8403 8430 8462 8497 8531 8551 8554 8606 8637 8719 8790 8821 8895 9018 9078 9186 9205 9333 9395 9407 9430 9524 9531 9611 9671 9729 9766 9774 9869 9918 9959 9972 10134 10145 10199 10207 10217 10252 10279 10335 10341 10499 10647 10779 11071 11088 11161 11289 11363 11508 11559 11675 11695 11894 11896 11907 11930 11951 11970 12007 12024 12105 12177 12211 12212 12327 12347 12391 12405 12455 17467 17590 17740 17926 17988 18015 18016 18037 18131 18132 18133 18161 18219 18232 18247 18248 18264 18265 18266 18281 18332 18353 18377 18402 18403 18417 18418 18439 18440 18453 18454 18468 18513 18533 18546 18560 18561 18580 18657 18674 18675 18714 18715 18725 18726 18727 18790 18791 18803 18812 18881 18882 18920 18943 18958 18995 19027 19067 19068 19069 19100 19101 19110 19123 19137 19150 19161 19181 19195 19206 19237 19238 19239 19248 19254 19274 19288 19299 19328 19341 19377 19384 19385 19406 19440 19459 19460 19471 19472 19486 19487 19488 19545 19554 19565 19566 19575 19583 19596 19616 19625 19633 19634 19647 19658 19664 19673 19703 19711 19730 19754 19765 19775 19785 19808 19820 19821 19834 19845 19846 19847 19848 19870 19877 19878 19904 19905 19922 19923 19924 19930 19931 19937 19938 19946 19947 19960 19983 20007 20008 20016 20017 20025 20026 20031 20040 20053 20078 20093 20104 20105 20106 20114 20115 20124 20132 20139 20147 20148 20149 20150 20161 20176 20188 20198 20219 20233 20254 20255 20275 20297 20298 20337 20345 20346 20355 20361 20368 20403 20428 20442 20452 20453 20470 20505 20531 20553 20603 20622 24032 29204 29226 29231 29240 29263 29276 29285 29299 29308 29310 29325 29327 29379 29406 29417 29439 29440 29457 
	}
	weather={
	}
}
