
strategic_region={
	id=96
	name="STRATEGICREGION_96"
	provinces={
		204 390 587 795 873 891 1052 1106 1412 1496 1549 1667 2227 2593 2595 3155 3382 3458 3530 4099 4342 4445 4925 5001 5246 5257 5470 5494 5707 5983 6184 6237 6268 6288 6348 6595 7142 7724 8057 8300 8614 8685 9190 9304 9427 9438 9483 9679 9739 9915 10014 10179 10596 10659 10860 11013 11032 11074 11481 11833 11965 12001 12134 12162 12273 20576 20648 20666 20695 20777 20792 20832 20838 20846 20897 20931 20932 20933 20986 21002 21014 21031 21032 21080 21124 21144 21182 21192 21262 21263 21282 21309 21349 21371 21372 21389 21422 21458 21467 21481 21495 21507 21555 21586 21614 21624 21665 21687 21688 21744 21753 21770 21780 21781 21812 21826 21838 21847 21856 21925 21932 21947 21948 21972 21999 22015 22072 22073 22086 22100 22139 22140 22141 22142 22177 22219 22220 22221 22247 22256 22292 22316 22344 22380 22381 22392 22411 22428 22432 22441 28944 29468 29479 29481 29564 29571 
	}
	weather={
	}
}
