
strategic_region={
	id=97
	name="STRATEGICREGION_97"
	provinces={
		30 33 85 225 282 505 612 699 704 746 851 945 994 1158 1301 1384 1442 1559 1605 1629 1709 1778 1781 1932 2073 2084 2099 2136 2165 2180 2270 2320 2383 2388 2405 2512 2526 2575 2640 2772 2938 2958 3126 3156 3219 3303 3326 3328 3367 3463 3483 3693 3741 3828 3986 4006 4041 4055 4078 4137 4153 4192 4290 4292 4309 4337 4346 4350 4475 4532 4533 4541 4555 4558 4586 4599 4637 4647 4657 4720 4850 4854 4865 4972 5050 5096 5142 5179 5193 5215 5234 5236 5280 5328 5351 5508 5535 5550 5579 5615 5647 5745 5775 5811 5853 5854 5885 5974 5980 6030 6116 6157 6164 6193 6212 6279 6291 6412 6470 6475 6674 6807 6812 6838 6854 6911 6922 6956 7042 7045 7074 7185 7204 7248 7258 7274 7334 7344 7390 7545 7591 7643 7803 7808 7836 7845 8140 8159 8290 8310 8320 8392 8485 8560 8650 8678 8697 8812 8827 8992 9021 9052 9113 9134 9187 9296 9306 9356 9361 9367 9423 9435 9513 9527 9619 9647 9652 9667 9750 9757 9788 9868 9906 9919 9971 9991 10068 10089 10105 10117 10137 10152 10167 10310 10376 10392 10465 10551 10694 10711 10818 10828 10842 10881 10921 10942 10971 10988 11046 11090 11133 11156 11189 11235 11330 11434 11514 11517 11620 11635 11712 11758 11759 11765 11769 11806 11827 11838 11939 12000 12070 12073 12125 12178 12186 12205 12218 12352 12385 12404 12408 12469 20220 20256 20312 20347 20362 20390 20419 20420 20429 20454 20482 20493 20516 20519 20577 20586 20587 20632 20667 20679 20686 20704 20793 20825 20882 20966 21033 21052 21053 21054 21055 21115 21145 21146 21147 21230 21242 21272 21299 21300 21320 21361 21409 21430 21468 21482 21517 21518 21528 21529 21556 21573 21579 21610 21639 21653 21689 21700 21734 21745 21746 21747 21754 21801 21802 21813 21827 21883 21904 21905 21933 21949 21957 21958 21964 21965 21987 22000 22001 22006 22022 22023 22029 22063 22064 22079 22080 22092 22101 22112 22120 22129 22132 22143 22144 22153 22157 22165 22188 22196 22197 22202 22203 22222 22229 22230 22231 22248 22249 22257 22258 22262 22263 22264 22270 22271 22283 22293 22301 22302 22317 22318 22323 22324 22331 22332 22340 22345 22346 22357 22366 22374 22382 22386 22393 22400 22401 22402 22412 22413 22414 22429 22433 22448 22455 22460 22461 22470 22471 22472 22496 22497 22501 22502 22503 22512 22541 22550 22551 22557 22558 22559 22566 22571 22572 22587 22594 22599 22600 22604 22609 22617 22623 22624 22631 22639 22640 22641 22643 22658 22668 22676 22677 22681 22686 22687 22688 22695 22707 22710 22724 22725 22738 22739 22743 22746 22755 22756 22765 22770 22772 22786 22787 22792 22793 22798 22799 22800 22801 22820 22823 22834 22835 22863 22865 22876 22902 22921 22940 22954 22955 22992 23016 29501 29544 29587 
	}
	weather={
	}
}
