
strategic_region={
	id=98
	name="STRATEGICREGION_98"
	provinces={
		29 39 66 168 292 481 502 613 620 637 748 756 770 777 805 845 1323 1492 1510 1529 1679 1681 1823 1877 1912 2107 2190 2208 2333 2434 2437 2442 2465 2515 2532 2538 2620 2634 2662 2667 2717 2721 2784 2851 2906 2919 2926 2939 2947 3002 3119 3186 3203 3217 3269 3286 3302 3329 3391 3415 3469 3505 3531 3593 3714 3733 3761 3785 3798 3873 3889 3896 3988 3995 4015 4027 4038 4047 4129 4209 4269 4287 4371 4392 4393 4395 4436 4456 4496 4623 4648 4653 4659 4692 4700 4701 4705 4771 4775 4813 4859 4922 4969 4979 4994 5080 5158 5173 5204 5222 5247 5293 5305 5318 5336 5337 5408 5422 5468 5474 5491 5492 5536 5572 5636 5723 5734 5748 5767 5774 5817 5852 5884 5917 5934 6040 6044 6062 6098 6178 6196 6213 6230 6231 6233 6248 6278 6313 6354 6421 6442 6458 6459 6463 6472 6490 6501 6506 6542 6568 6593 6627 6643 6728 6760 6828 6962 6990 7145 7163 7211 7430 7443 7456 7473 7492 7503 7506 7544 7556 7577 7646 7659 7666 7671 7759 7764 7769 7894 7933 7970 7985 8065 8086 8089 8172 8226 8231 8232 8243 8265 8267 8317 8347 8366 8372 8418 8421 8424 8429 8444 8479 8487 8503 8522 8589 8600 8617 8619 8717 8745 8762 8772 8794 8839 8843 8849 8888 8970 8996 9006 9045 9053 9084 9112 9114 9154 9258 9279 9317 9331 9348 9358 9388 9389 9425 9442 9474 9502 9508 9541 9565 9570 9598 9659 9665 9675 9678 9692 9742 9855 9883 9923 9936 9943 9962 9970 9986 10024 10050 10084 10141 10150 10157 10182 10193 10203 10211 10289 10344 10345 10348 10358 10390 10431 10522 10637 10667 10682 10690 10728 10764 10777 10782 10788 10855 10878 10883 10905 10928 10996 11070 11073 11122 11150 11185 11194 11217 11276 11280 11288 11321 11339 11340 11351 11361 11374 11383 11393 11404 11426 11443 11516 11541 11569 11589 11613 11615 11646 11702 11730 11822 11829 11831 11836 11880 11889 11904 11986 11995 12013 12028 12092 12095 12109 12118 12150 12190 12198 12228 12252 12255 12279 12295 12300 12369 12413 12437 12461 17423 17547 17564 17591 17615 17677 17691 17692 17708 17725 17758 17807 17835 17848 17888 17899 17900 17901 17935 17936 17958 17967 17979 18018 18059 18102 18115 18116 18134 18182 18183 18194 18234 18249 18267 18282 18305 18306 18315 18316 18317 18334 18365 18378 18379 18404 18429 18441 18442 18443 18456 18469 18486 18496 18526 18534 18547 18562 18563 18573 18581 18582 18597 18612 18643 18658 18692 18716 18728 18729 18761 18772 18773 18792 18793 18838 18839 18840 18846 18859 18883 18892 18893 18903 18904 18944 18945 18959 18960 18970 18971 18980 18996 19009 19010 19028 19038 19039 19040 19054 19070 19102 19111 19124 19125 19126 19138 19162 19163 19171 19182 19183 19196 19217 19218 19219 19220 19240 19241 19249 19264 19265 19275 19289 19300 19311 19321 19342 19343 19362 19363 19386 19399 19400 19407 19408 19409 19426 19432 19441 19473 19474 19489 19498 19499 19500 19501 19516 19534 19546 19576 19584 19585 19586 19597 19626 19627 19635 19648 19649 19665 19674 19675 19676 19704 19712 19713 19714 19731 19732 19742 19776 19794 19809 19822 19835 19836 19849 19856 19871 19879 19906 19925 19948 19967 19984 19985 19992 20009 20032 20033 20041 20042 20043 20054 20063 20064 20094 20107 20116 20117 20118 20133 20151 20183 20189 20199 20200 20210 20211 20234 20257 20258 20276 20277 20290 20299 20300 20320 20348 20363 20377 20391 20404 20421 20430 20431 20443 20471 20472 20494 20506 20517 20520 20521 20522 20554 20555 20564 20588 20589 20604 20605 20616 20623 20633 20634 20649 20650 20651 20668 20680 20687 20732 20740 20784 20794 20803 20813 20814 20815 20826 20827 20833 20856 20870 20883 20902 20908 20923 20924 20934 20954 20955 20967 20968 20969 20976 20993 21015 21016 21017 21020 21021 21034 21035 21045 21062 21107 21108 21109 21125 21126 21127 21128 21136 21164 21183 21208 21218 21231 21232 21243 21244 21264 21273 21274 21283 21310 21311 21321 21322 21350 21351 21373 21374 21390 21391 21403 21404 21410 21411 21431 21448 21449 21459 21460 21469 21557 21558 21562 21574 21580 21635 21730 21748 21808 21926 24062 28957 29199 29227 29311 29397 29447 29463 29464 29478 29510 29512 29515 29520 
	}
	weather={
	}
}
