
strategic_region={
	id=99
	name="STRATEGICREGION_99"
	provinces={
		838 1036 1044 1371 1372 1395 1483 2310 3036 3061 3088 3290 3512 3961 4120 4326 4534 4820 4959 4960 5653 5678 5732 6882 7999 8153 8368 9014 9452 9475 9643 9902 10176 10342 10732 10915 11099 11411 11441 11648 11908 12010 12026 12381 12415 16347 16407 16408 16436 16455 16456 16457 16482 16530 16546 16567 16602 16616 16617 16625 16667 16668 16684 16733 16734 16746 16747 16761 16762 16794 16795 16816 16829 16841 16876 16890 16903 16904 16916 16917 16938 16961 16983 16984 17001 17048 17160 29140 29144 29151 29154 29161 
	}
	weather={
	}
}
