state={
	id=1007
	name="STATE_1007"
	provinces={
		33 505 699 994 1605 2136 2180 2320 3126 3367 4533 4637 5096 5142 5775 6116 6157 6164 6470 6812 6854 7045 7274 7836 7845 8290 8392 9021 9423 9652 10068 10551 10921 11046 11514 11759 11765 11769 11939 12404 21573 21610 21700 21747 21801 21802 21883 21949 21965 22006 22023 22079 22092 22101 22132 22153 22157 22165 22197 22202 22203 22248 22258 22271 22283 22324 22332 22345 22401 22402 22433 22448 22460 22496 22501 22551 22557 22594 22600 22624 22641 22710 22756 
	}
        history={
        	owner = HED
        	buildings = {
            		infrastructure = 1
        	}
		add_core_of = OSL
	}
	state_category = rural 
    manpower=5000
	buildings_max_level_factor=1.000
}
