state={
	id=1016
	name="STATE_1016"
	provinces={
		526 1756 1816 2286 2414 2598 2835 2863 3250 3360 3588 3605 3758 3847 4308 4732 4970 5143 5676 5727 5776 5881 5887 5967 6672 7558 7662 7722 7811 7993 8079 8173 8293 8452 8681 8695 8740 8960 9019 9024 9030 9132 9299 9409 9556 9826 10625 11061 11089 11608 12137 12269 12316 21619 21682 21713 21772 21783 21843 21852 21853 21861 21891 21901 21919 21935 21938 21952 21969 21975 21976 21996 22008 22009 22026 22027 22034 22042 22050 22051 22067 22076 22077 22083 22089 22090 22097 22103 22104 22105 22115 22124 22130 22136 22148 22162 22171 22172 22173 22182 22183 22191 22200 22207 22211 22237 22238 22239 22243 22251 22252 22278 22279 22286 22303 22304 22311 22312 22321 22326 22333 22351 22352 22362 22370 22376 22385 22405 22417 22430 22438 22444 22456 22490 22499 22509 22521 22544 22556 22562 22575 22654 22678 
	}
	state_category = rural 
    manpower=1
	buildings_max_level_factor=1.000
}
