state={
	id=1034
	name="STATE_1034"
	provinces={
		85 1158 1932 2099 2512 2575 2640 2938 3303 3828 4078 4153 4337 4532 4850 4972 5179 5215 5280 5328 5647 5745 5811 5885 7074 7344 7545 8310 8560 8992 9052 9113 9134 9296 9435 9868 10089 10105 10310 10376 10392 10828 10842 11517 12073 12205 22064 22080 22120 22129 22249 22263 22264 22317 22318 22346 22366 22382 22393 22461 22472 22497 22502 22503 22541 22558 22559 22631 22643 22687 22688 22725 22738 22739 22770 22787 22801 
	}
        history={
        	owner = HED
        	buildings = {
            		infrastructure = 1
        	}
		add_core_of = OSL
	}
	state_category = rural 
    manpower=1
	buildings_max_level_factor=1.000
}
