state={
	id=1046
	name="STATE_1046"
	provinces={
		184 405 547 649 1632 1724 2533 2755 3897 4627 4789 5131 5309 5584 6215 7603 8311 8837 8890 9012 9139 9250 9521 10442 10491 10713 11114 11753 11922 12019 12466 12493 21939 21944 21982 21997 22052 22068 22078 22106 22175 22213 22225 22244 22265 22287 22288 22294 22334 22365 22367 22407 22420 22445 22446 22458 22459 22463 22510 22514 22526 22530 22569 22577 22585 22586 22590 22592 22608 22620 22636 22655 22656 
	}
        history={
        	owner = FNM
        	buildings = {
            		infrastructure = 1
        	}
		add_core_of = FNM
	}
	state_category = rural 
    manpower=1
	buildings_max_level_factor=1.000
}
