state={
	id=1048
	name="STATE_1048"
	provinces={
		321 382 720 825 853 1017 1108 1129 1435 1508 1621 1650 1671 1810 2106 2131 2327 2377 2492 2517 2715 2779 2796 3152 3756 3825 3880 4112 4406 4814 4842 4932 5187 5296 5334 5339 5510 5903 5972 6056 6069 6484 6548 6597 6600 6688 6716 7038 7044 7494 7901 8665 8841 9351 9552 9765 9778 9848 10016 10385 10433 10508 10726 10922 11177 11277 11592 11714 11973 12037 12076 12329 12419 22159 22272 22341 22404 22517 22665 22669 22757 22824 22869 22904 22905 23074 23132 23151 23183 23197 23198 23240 23241 23252 23255 23310 23339 23381 23415 23425 23431 23433 
	}
		history={
		owner = SWE
		victory_points = { 1435 1 }
		buildings = {
			infrastructure = 1
		}		
		add_core_of = SWE 

}
	state_category = rural 
    
	manpower=1
	buildings_max_level_factor=1.000
}
