state={
	id=1137
	name="STATE_1137"
	provinces={
		556 938 1677 1847 2591 2745 2913 3731 5212 6594 6662 6680 6901 6981 7571 8020 8262 8470 8527 8571 8855 9185 9789 9816 9899 9926 10018 10054 10969 11035 11192 11293 11465 11563 11593 11854 11875 11891 12235 12322 12418 22614 22619 22662 22671 22689 22712 22717 22722 22733 22749 22760 22778 22779 22802 22803 22810 22819 22826 22831 22836 22849 22850 22855 22856 22859 22870 22874 22887 22893 22907 22914 22927 22946 22948 22966 22978 22982 23000 23010 23017 23061 23076 23100 23106 23127 
	}
	state_category = rural 
    manpower=1
	buildings_max_level_factor=1.000
}
