state={
	id=1140
	name="STATE_1140"
	provinces={
		739 1005 1028 1812 1848 1995 3009 3144 3750 4849 4910 5271 5532 6050 6294 6772 6798 7180 7694 7880 7888 7984 8033 8122 8528 8553 8567 8587 9009 9516 9689 9913 10035 10047 10164 10292 10460 10708 10737 11291 11382 11666 11754 12271 22629 22645 22646 22690 22691 22692 22697 22703 22718 22734 22741 22742 22745 22750 22761 22762 22781 22789 22790 22795 22806 22837 22838 22845 22851 22877 22884 22898 22915 22916 22924 22942 22949 22974 22979 22987 22988 22989 23004 23011 23019 23026 23033 23039 23072 23083 23117 23129 23152 23153 
	}
        history={
        	owner = FNM
        	buildings = {
            		infrastructure = 1
        	}
		add_core_of = FNM
	}
	state_category = rural 
    manpower=1
	buildings_max_level_factor=1.000
}
