state={
	id=1143
	name="STATE_1143"
	provinces={
		5 60 82 106 118 162 179 191 213 216 217 257 330 381 401 470 500 501 543 568 793 892 912 948 950 969 979 1137 1174 1187 1210 1219 1315 1401 1532 1603 1627 1729 1751 1764 1777 1795 1813 1836 1921 2200 2225 2258 2431 2692 2730 2734 2787 2804 2819 2895 3073 3183 3242 3282 3377 3450 3453 3498 3514 3656 3680 3725 3848 3915 3963 3973 4268 4649 4664 4818 4819 4831 5260 5291 5300 5462 5629 5638 6255 6511 6546 6803 6834 6883 6900 7705 7721 7823 8025 8186 8266 9140 9345 9907 10507 10722 10829 10926 10976 12229 22944 23266 23276 23315 23346 23360 23375 23428 23460 23463 23465 23492 23495 23530 23534 23535 23552 23553 23563 23573 23587 23612 23613 23626 23651 
	}
        history={
        	owner = SWE
        	buildings = {
            		infrastructure = 1
        	}
		add_core_of = SWE
	}
	state_category = rural 
    manpower=1
	buildings_max_level_factor=1.000
}
