state={
	id=1151
	name="STATE_1151"
	provinces={
		564 932 1078 2011 2097 2290 2695 3163 3212 3331 3888 3900 4101 4663 4694 5697 5865 6251 6269 6314 6738 6961 6964 7165 7514 7968 8013 8175 8208 8488 8561 8707 9310 10795 11072 22723 22767 22811 22883 22908 22922 22923 22928 22960 22986 22996 23003 23018 23030 23041 23042 23049 23062 23066 23067 23077 23093 23105 23128 23140 23141 23143 23172 23173 23176 23204 23219 23220 23234 23265 23273 23290 23297 23311 23313 23319 23320 
	}
        history={
        	owner = FNM
        	buildings = {
            		infrastructure = 1
        	}
		add_core_of = FNM
	}
	state_category = rural 
    manpower=1
	buildings_max_level_factor=1.000
}
