state={
	id=1173
	name="STATE_1173"
	provinces={
		9 63 80 95 103 136 150 154 172 187 233 255 273 280 295 316 317 348 398 431 435 474 491 498 515 522 523 557 567 584 631 633 642 671 745 774 794 860 870 872 874 887 927 935 944 957 1002 1042 1051 1111 1134 1138 1190 1200 1230 1256 1278 1291 1357 1385 1389 1495 1528 1566 1581 1757 1820 1842 1858 1868 2008 2037 2070 2074 2088 2096 2118 2149 2170 2284 2304 2318 2404 2421 2441 2476 2607 2707 2832 2849 3003 3034 3231 3293 3346 3592 3968 4118 4157 4272 4281 4289 4364 4419 4488 4520 4529 4672 4776 4824 4897 4937 4993 5093 5097 5180 5335 5429 5497 5627 5715 5891 5930 5961 6385 6775 6874 6912 7236 7259 7637 7766 7772 8029 8272 8387 9549 9838 10069 10236 10371 10496 10623 10729 11059 11060 11408 11718 11746 11771 12283 12313 22892 22933 22941 22993 23146 23281 23300 23316 23348 23390 23396 23406 23407 23452 23475 23509 23513 23519 23524 23525 23531 23537 23555 23575 23580 23586 23628 
	}
	state_category = rural 
    manpower=1
	buildings_max_level_factor=1.000
}
