state={
	id=1185
	name="STATE_1185"
	provinces={
		43 67 84 91 98 121 182 183 246 278 351 407 409 438 513 550 583 596 609 614 616 655 679 702 791 920 993 1094 1095 1125 1144 1201 1246 1284 1289 1333 1387 1415 1518 1561 1565 1656 1691 1722 1727 1735 1740 1761 1894 1901 1954 1982 2018 2110 2171 2219 2303 2332 2394 2407 2457 2518 2521 2552 2587 2617 2636 2657 2665 2666 2671 2696 2743 2752 2893 2914 2976 3067 3202 3225 3299 3427 3519 3610 3663 3765 3799 3850 3912 3918 4003 4033 4217 4235 4316 4593 4646 4677 4738 4756 4841 4892 5133 5135 5205 5349 5435 5488 5540 5611 5652 5833 5996 6068 6221 6249 6296 6320 6369 6392 6743 7036 7041 7047 7068 7169 7172 7310 7411 8445 8484 8624 8969 9074 9212 9554 9646 10071 10278 10948 11251 11385 11554 11913 12042 12165 12351 22866 23009 23103 23180 23298 23321 23376 23411 23414 23441 23466 23500 23549 23560 23584 23596 23606 23614 23615 23619 23634 23652 23654 23660 23664 23693 23709 
	}
	state_category = rural 
    manpower=1
	buildings_max_level_factor=1.000
}
