state={
	id=1207
	name="STATE_1207"
	provinces={
		3 115 138 164 185 231 236 239 293 344 352 393 453 528 541 554 604 640 643 650 670 732 750 787 816 830 855 901 964 978 1004 1061 1107 1120 1168 1202 1217 1281 1306 1337 1338 1339 1362 1470 1482 1491 1548 1558 1569 1587 1591 1597 1618 1675 1693 1736 1758 1786 1793 1817 1840 1875 1876 1930 1960 2147 2192 2233 2280 2363 2385 2410 2419 2424 2493 2534 2551 2668 2677 2684 2705 2713 2727 2785 2844 2872 2907 2927 2932 3038 3091 3097 3133 3213 3338 3355 3416 3438 3466 3523 3551 3642 3659 3675 3782 3858 3940 3990 4012 4058 4104 4191 4212 4243 4277 4305 4359 4437 4953 4998 5129 5168 5315 5353 5419 5511 5872 6060 6067 6120 6127 6177 6347 6386 6587 6768 6849 6898 7273 7410 7414 7455 7575 7582 7924 8415 8517 8686 8734 8749 9470 9660 10032 10132 10168 10250 10964 11565 11864 22971 23070 23081 23246 23257 23338 23377 23409 23410 23429 23444 23445 23451 23487 23508 23510 23522 23538 23541 23558 23579 23588 23591 23603 23608 23621 23622 23631 23632 23638 23647 23649 
	}
		history={
		owner = SWE
		victory_points = { 3782 1 }
		buildings = {
			infrastructure = 2
		}		
		add_core_of = SWE
	state_category = rural 
    manpower=1
	buildings_max_level_factor=1.000
}
