state={
	id=1214
	name="STATE_1214"
	provinces={
		61 780 1859 2680 2768 3910 4196 4265 5112 5147 5342 5553 6228 6804 7789 7878 8260 8361 8883 9510 9632 9656 9668 9966 10044 10120 10580 10680 11336 11610 12054 12074 12348 23032 23038 23065 23082 23112 23121 23147 23159 23181 23185 23192 23202 23203 23206 23215 23221 23228 23232 23233 23237 23238 23250 23262 23264 23269 23272 23277 23289 23295 23296 23302 23317 23329 23330 23332 23334 23341 23349 23354 23355 23364 23368 23371 23372 23387 
	}
	state_category = rural 
    manpower=1
	buildings_max_level_factor=1.000
}
