state={
	id=1248
	name="STATE_1248"
	provinces={
		19 50 58 122 157 274 318 329 331 334 346 404 425 455 461 478 520 537 555 625 629 688 690 738 796 821 975 992 1035 1057 1132 1146 1149 1173 1235 1307 1330 1381 1398 1455 1465 1575 1633 1641 1711 1828 1844 1925 1987 2054 2091 2166 2177 2198 2199 2360 2364 2399 2406 2451 2490 2542 2592 2661 2763 2856 2887 2978 3095 3132 3165 3292 3342 3604 3640 3671 3760 3773 3811 3852 3920 4271 4375 4417 4879 4891 4976 5075 5150 5239 5837 5880 5977 6019 6495 6559 6654 6693 7550 7669 7684 7840 7841 8836 8878 9040 9458 10189 11015 11318 11525 11910 11975 23442 23511 23515 23562 23566 23581 23585 23597 23605 23610 23630 23635 23653 23655 23670 23676 23692 23694 23710 
	}
		history={
		owner = SWE
		victory_points = { 58 1 }
		buildings = {
			infrastructure = 2
		}		
		add_core_of = SWE 
 
	}
	state_category = rural 
    
	manpower=1
	buildings_max_level_factor=1.000
}
