state={
	id=1250
	name="STATE_1250"
	provinces={
		12 24 45 64 102 108 148 159 223 228 244 245 253 313 314 484 497 517 532 551 579 589 593 606 624 663 678 691 706 709 733 749 768 819 828 847 857 880 940 941 949 991 1024 1038 1067 1073 1141 1157 1180 1239 1257 1279 1293 1305 1341 1373 1391 1404 1485 1515 1524 1544 1546 1555 1578 1580 1598 1625 1638 1659 1668 1765 1768 1826 1882 1939 1956 1965 1994 2004 2014 2064 2092 2113 2152 2240 2307 2349 2373 2374 2382 2392 2469 2472 2604 2605 2643 2659 2670 2769 2845 2896 2917 2920 2930 2934 2942 3006 3022 3105 3121 3192 3277 3350 3356 3439 3447 3477 3535 3599 3609 3620 3641 3681 3740 3878 3919 3939 3998 4066 4109 4140 4201 4302 4640 4644 4742 4799 4836 4851 5063 5245 5255 5364 5479 5519 5549 5650 5743 5862 5918 6077 6103 6334 6487 6582 6598 6665 6732 6769 7003 7030 7174 7214 7355 7395 7420 7498 7657 7693 7847 8073 8101 8239 8249 8292 8407 8518 8535 8750 9267 9478 9651 9756 10155 10419 10485 10686 10826 10877 10880 11043 11093 11309 11331 11581 12012 12069 12081 23516 23536 23539 23540 23545 23554 23564 23574 23576 23589 23594 23598 23616 23627 23629 23636 23639 23641 23645 23650 23658 23659 23661 23668 23669 23671 23683 23689 23697 23698 23707 23712 23720 23721 23725 23737 23745 23751 23758 23783 23787 
	}
	history={
		owner = FIN
		victory_points = { 2064 10 }
		buildings = {
			infrastructure = 2
		}		
		add_core_of = FIN
	}

	manpower= 1
	buildings_max_level_factor=1.000
	state_category=rural
}
