state={
	id=1252
	name="STATE_1252"
	provinces={
		408 1156 1209 1506 2071 2082 2135 3069 3715 3904 4093 4556 5040 5587 5740 6051 6226 6413 6420 6526 7073 7650 8245 8492 8755 9562 9779 10402 10492 10540 11173 11237 11386 11452 11463 11544 11673 12167 12328 23393 23402 23405 23412 23416 23417 23432 23435 23437 23439 23443 23446 23447 23455 23456 23457 23458 23461 23464 23467 23468 23469 23472 23479 23480 23481 23482 23483 23484 23485 23488 23490 23493 23496 23498 23503 
	}
        history={
        	owner = FNM
        	buildings = {
            		infrastructure = 1
        	}
		add_core_of = FNM
	}
	state_category = rural 
    manpower=1
	buildings_max_level_factor=1.000
}
