state={
	id=1253
	name="STATE_1253"
	provinces={
		16 130 144 155 256 264 320 324 370 373 414 485 492 494 552 578 597 615 638 710 760 804 811 818 831 896 905 954 999 1098 1109 1171 1195 1268 1417 1424 1429 1474 1536 1537 1572 1606 1619 1665 1686 1698 1737 1747 1784 1835 1969 2024 2041 2059 2098 2119 2163 2295 2319 2352 2384 2400 2408 2491 2497 2498 2504 2559 2594 2653 2824 2860 2911 2950 2981 3013 3243 3253 3310 3333 3340 3351 3457 3540 3646 3677 3687 3947 4030 4052 4061 4077 4241 4246 4274 4390 4418 4472 4709 4729 5072 5088 5139 5310 5441 5451 5654 5788 5946 6066 6512 6545 6557 6574 6630 6794 6853 6920 6994 7007 7439 7453 7488 7500 7605 7917 8066 8280 8325 8490 8598 8620 8687 8871 8893 8959 9211 9429 9459 9576 9686 9987 10394 10486 10578 11136 11326 11797 12002 12023 12101 12288 23423 23473 23499 23521 23548 23559 23568 23602 23618 23637 23644 23646 23648 23657 23663 23665 23674 23675 23678 23680 23685 23687 23691 23696 23701 23704 23705 23719 23726 23733 23736 23742 23749 
	}
	state_category = rural 
    manpower=1
	buildings_max_level_factor=1.000
}
