state={
	id=1260
	name="STATE_1260"
	provinces={
		11 36 89 99 119 152 165 169 343 371 394 444 458 510 664 693 735 807 822 864 963 987 1103 1112 1128 1183 1185 1245 1270 1399 1490 1602 1696 1708 1732 1734 1803 1907 1991 2027 2036 2109 2122 2125 2213 2262 2265 2292 2354 2627 2747 2782 2797 2812 2846 3107 3214 3317 3375 3434 3487 3533 3635 3695 3703 3791 3827 3914 4016 4139 4202 4347 4603 4661 4722 4753 5104 5148 5164 5210 5716 5741 5773 5901 5931 6298 6415 6655 6720 6767 7168 7275 7354 7742 8007 8030 8095 8099 8381 8566 8596 8737 9168 9183 9759 10281 10529 10559 10703 10786 11520 11557 11650 11874 11955 12072 12209 23565 23571 23578 23593 23595 23599 23601 23609 23617 23620 23623 23624 23625 23633 23643 23656 23662 23672 23677 23681 23682 23686 23690 23700 23703 23711 23716 
	}
	state_category = rural 
    manpower=1
	buildings_max_level_factor=1.000
}
