state={
	id=1263
	name="STATE_1263"
	provinces={
		83 129 167 219 266 289 339 372 418 424 472 524 1031 1213 1225 1410 1420 1432 1513 1592 1624 1680 1780 1850 1926 2030 2151 2264 2368 2460 2786 2809 3056 3131 3343 3598 3762 3843 4508 4655 5623 5816 5915 6054 6303 6837 6993 7051 7318 7622 7678 7919 8027 8432 8472 8864 9947 10934 11118 11664 11914 12075 23684 23702 23718 23738 23743 23756 23760 23775 23790 23792 23794 23795 23798 23803 23807 23822 
	}
	history={
		owner = SOV
		victory_points = { 7318 1 }
		buildings = {
			infrastructure = 2
		}		
		add_core_of = SOV
	}

	state_category = rural 
    
	manpower=1
	buildings_max_level_factor=1.000
}
