state={
	id=1266
	name="STATE_1266"
	provinces={
		23 105 114 226 265 345 349 363 375 380 422 443 539 590 645 667 692 705 773 886 1131 1133 1179 1215 1255 1433 1540 1543 1720 1743 1753 1832 1878 1899 1929 1964 2093 2247 2444 2601 2629 2783 2854 2985 3116 3402 3562 3613 3617 3957 4306 4325 4336 4349 4572 4594 4635 4844 5053 5108 5277 5403 5528 5670 5764 6027 6368 6437 6539 6649 6835 7749 8133 8406 8862 9794 10034 10039 10212 10742 11450 11504 12266 23717 23722 23728 23729 23735 23746 23748 23750 23752 23768 23772 23781 23786 23789 23793 23797 23802 23806 23811 
	}
	state_category = rural 
    manpower=1
	buildings_max_level_factor=1.000
}
