state={
	id=1267
	name="STATE_1267"
	provinces={
		53 62 69 173 212 215 218 229 304 452 574 713 1155 1165 1231 1292 1862 1874 1927 1983 1997 2140 2210 2241 2367 2371 2548 2578 2610 2655 2674 2904 2969 2972 3053 3315 3669 3717 3846 3884 3892 3997 4089 4128 4335 4464 4492 4621 4963 4978 5107 5197 5290 6340 6991 7020 7570 7821 8312 9538 9642 10272 10763 10771 10833 10889 11116 11252 11308 12343 23708 23724 23734 23739 23740 23747 23754 23757 23763 23773 23785 23808 23814 23818 23820 23821 
	}
	history={
		owner = FIN
		victory_points = { 1874 10 }
		buildings = {
			infrastructure = 2
		}		
		add_core_of = FIN
	}

	manpower= 1
	buildings_max_level_factor=1.000
	state_category=rural
}
