state={
	id=1271
	name="STATE_1271"
	provinces={
		10 21 151 202 214 467 512 516 563 588 675 802 899 971 1151 1169 1229 1233 1692 1739 1970 2173 2188 2276 2296 2362 2420 2484 2994 3232 3296 3389 3497 3557 3823 3882 3969 4512 4864 5021 5024 5100 5658 5969 6119 6198 6393 6879 6997 7062 7116 7665 7785 7837 8508 9075 10621 10716 23744 23761 23762 23764 23767 23784 23788 23800 23801 23804 23809 23810 23813 23819 
	}
		history={
		owner = SWE
		victory_points = { 10621 1 }
		buildings = {
			infrastructure = 2
		}		
		add_core_of = SWE 
 }

	state_category = rural 
    manpower=1
	buildings_max_level_factor=1.000
}
