state={
	id=1274
	name="STATE_1274"
	provinces={
		4 139 166 188 197 249 327 356 540 601 653 684 766 827 877 882 939 1006 1016 1080 1150 1247 1265 1457 1478 1630 1678 1744 1796 1904 2246 2263 2293 2311 2464 2536 2590 2771 2924 2955 3086 3236 3249 3316 3348 3516 3643 4110 4148 4190 4514 4518 4580 4591 5367 5464 5656 6161 6262 6416 6431 7102 7563 7687 7818 8250 8537 8731 9162 9182 9948 12434 23328 23450 23474 23497 23502 23512 23526 23528 23543 23544 23546 23550 23551 23557 23561 23572 23582 23590 23592 23604 23607 
	}
	state_category = rural 
    manpower=1
	buildings_max_level_factor=1.000
}
