state={
	id=141
	name="STATE_141"
	provinces={
		836 1853 2214 3033 3405 3602 3925 3942 5010 5312 6092 6910 6978 8382 8425 8760 9461 9725 9762 9978 10245 10998 11106 11281 11333 11638 12064 12337 12495 12726 12727 12731 12751 12752 12757 12758 12760 12766 12788 12794 12797 12807 12828 12833 12861 12867 12893 12896 12907 12936 12956 12957 12987 12993 13031 13039 13063 13092 13124 13147 13159 13167 13203 13208 13259 13260 13311 13318 
	}
        history={
        	owner = SGF
        	buildings = {
            		infrastructure = 1
        	}
		add_core_of = SGF
	}
	state_category = rural 
    manpower=6000
	buildings_max_level_factor=1.000
}
