state={
	id=186
	name="STATE_186"
	provinces={
		48 1232 1240 1972 2418 2527 3272 3726 4126 4324 4929 4956 5642 5807 5815 6048 6220 6263 6825 6894 7089 7143 7416 7572 7900 7980 8622 8813 9691 9707 9799 9931 9983 10128 10481 10740 10793 11006 11017 11187 11239 11263 11355 11703 11976 12025 12234 12260 12962 13011 13014 13019 13027 13032 13045 13071 13075 13082 13093 13104 13129 13243 13253 13291 13297 13322 13358 13359 13368 13378 13383 13413 13428 13429 13435 13445 13471 13477 13495 13502 13505 13543 13551 13557 13563 13574 13594 13602 13608 13620 13627 13636 13655 13671 13684 13725 13750 
	}
        history={
        	owner = SGF
        	buildings = {
            		infrastructure = 1
        	}
		add_core_of = SGF
	}
	state_category = rural 
    manpower=1
	buildings_max_level_factor=1.000
}
