state={
	id=214
	name="STATE_214"
	provinces={
		379 1193 1311 1428 2023 3585 4320 4441 4557 5232 5659 5679 6118 6148 6345 6364 6584 6691 6710 7024 7475 8105 8149 8473 8481 8514 8983 9048 9178 9411 9747 10148 10537 10633 10871 11342 11502 11570 11936 12299 13086 13139 13204 13267 13303 13323 13330 13361 13369 13384 13414 13438 13463 13487 13507 13512 13519 13536 13566 13584 13612 13637 13648 13735 13739 13740 13774 13780 13801 13810 13853 13872 13929 13953 13966 13977 14018 14045 14055 14075 14101 14113 14124 14148 14173 14221 14234 
	}
	state_category = rural 
    manpower=1
	buildings_max_level_factor=1.000
}
