state={
	id=300
	name="STATE_300"
	provinces={
		858 1275 1446 1759 1871 1973 2260 4151 4193 4521 4766 4807 5047 5109 5856 6057 6217 6343 6591 6721 6745 6885 7218 7382 7482 8542 8578 9302 9669 9687 9922 9992 10127 10283 10353 10416 10420 10543 10555 10756 10807 11063 11083 11168 11229 11478 11509 11617 11697 11846 12396 12479 13523 13588 13597 13625 13633 13680 13696 13703 13731 13746 13759 13798 13807 13808 13817 13818 13837 13880 13891 13920 13952 13965 13974 14001 14016 14017 14052 14053 14054 14071 14087 14098 14099 14146 14206 14219 14232 14267 14300 14331 14344 14444 14445 14456 14498 14511 14567 14737 14789 
	}
        history={
        	owner = HRD
        	buildings = {
            		infrastructure = 1
        	}
		add_core_of = HRD
	}
	state_category = rural 
    manpower=14042
	buildings_max_level_factor=1.000
}
