state={
	id=318
	name="STATE_318"
	provinces={
		387 876 907 1707 2324 2744 2839 3197 3654 4200 4615 4726 4908 5071 5074 5091 5397 6105 6126 6454 6679 6921 7050 7266 7365 7532 7566 7625 7874 7988 8192 8544 8732 8892 9072 9144 9834 10377 10454 10484 10849 11095 11705 11789 11793 12045 12291 12440 13646 13682 13683 13738 13748 13749 13779 13789 13819 13825 13844 13857 13858 13859 13900 13901 13911 13912 13926 13927 13991 13992 14003 14035 14044 14063 14112 14136 14147 14159 14171 14178 14207 14220 14281 14290 14345 14374 14375 14401 14446 14457 14499 14524 14555 14738 14832 
	}
        history={
        	owner = SGF
        	buildings = {
            		infrastructure = 1
        	}
		add_core_of = SGF
	}
	state_category = rural 
    manpower=3000
	buildings_max_level_factor=1.000
}
