state={
	id=320
	name="STATE_320"
	provinces={
		117 477 1944 2124 2582 2800 3233 4341 4407 4515 4662 5530 5754 6091 6705 6860 7132 7147 7392 7723 7918 8092 8205 8949 9196 9289 9639 9818 10028 10305 10597 10644 10966 10995 11036 11138 11142 11286 11868 12163 12301 13604 13726 13760 13839 13881 13903 13914 13942 13949 13995 14005 14019 14036 14077 14082 14116 14137 14149 14182 14209 14237 14257 14293 14335 14360 14419 14481 14513 14619 14633 14642 14722 14778 14808 14848 14869 14890 14999 15036 15075 15384 
	}
	state_category = rural 
    manpower=1
	buildings_max_level_factor=1.000
}
