state={
	id=332
	name="STATE_332"
	provinces={
		112 263 493 734 885 1317 1494 1616 1715 2315 2335 3295 3899 4023 4318 4420 4590 4617 4961 4987 5095 5154 5388 5466 5644 5661 5717 5925 5957 6010 6183 6460 6699 6861 6972 7077 7479 8058 8118 8302 8350 8638 8647 8792 8923 9017 9065 9106 9246 9584 9616 9775 9837 10000 10657 10836 10892 11190 11578 11721 11924 12053 12491 13672 13704 13800 13852 13860 13928 13938 13976 14004 14026 14027 14073 14074 14172 14179 14180 14268 14282 14291 14333 14358 14359 14376 14394 14418 14458 14500 14538 14570 14571 14600 14617 14672 14693 14709 14793 14833 14868 14878 14957 14980 15012 15013 15138 15156 15236 15237 15250 15281 15308 15352 15360 15381 15421 15475 15490 15640 15716 
	}
        history={
        	owner = OPP
        	buildings = {
            		infrastructure = 1
        	}
		add_core_of = OPP
	}
	state_category = rural 
    manpower=1
	buildings_max_level_factor=1.000
}
