state={
	id=363
	name="STATE_363"
	provinces={
		415 701 1262 1787 2256 2369 2570 2681 2988 3424 3661 3766 4042 4116 4338 4725 4825 5943 5947 5994 5995 6310 7308 7315 7463 7541 7546 7618 7758 7829 8369 8460 8747 8861 9213 9352 10268 10467 10630 10715 11220 11369 11835 13830 13902 13913 13941 13993 13994 14076 14102 14115 14181 14208 14236 14256 14269 14270 14292 14311 14322 14334 14377 14459 14512 14540 14558 14559 14601 14602 14632 14685 14710 14721 14807 14834 14880 14905 14915 14927 14981 14982 15074 15126 15158 15205 15251 15382 15476 15491 15510 15558 15624 15643 15684 15729 15739 15806 
	}
        history={
        	owner = MRD
        	buildings = {
            		infrastructure = 1
        	}
		add_core_of = MRD
	}
	state_category = rural 
    manpower=1
	buildings_max_level_factor=1.000
}
