state={
	id=475
	name="STATE_475"
	provinces={
		2103 2776 3167 3394 3738 4995 5898 6332 7682 8558 8642 9515 9579 9583 9680 10112 10198 10730 10803 11044 11271 11304 11950 12187 14138 14197 14245 14295 14304 14337 14361 14380 14403 14431 14526 14605 14675 14676 14695 14724 14745 14811 14823 14928 14940 14941 14942 15015 15097 15098 15117 15127 15208 15252 15265 15331 15362 15398 15399 15464 15494 15527 15582 
	}
	history={
		owner = STR
		buildings = {
			infrastructure = 1

		}		
		add_core_of = STR
	}
	state_category = rural 
    manpower=1
	buildings_max_level_factor=1.000
}
