state={
	id=476
	name="STATE_476"
	provinces={
		617 1163 1745 1752 1892 2287 2439 2485 2722 2957 3887 4310 4399 4802 4817 5459 5523 5529 5839 6074 6075 6737 6850 6967 7995 7996 8123 8339 8510 8929 8933 9007 9126 9243 9421 9905 9980 10240 10500 11690 12153 14321 14373 14417 14479 14480 14568 14597 14658 14668 14707 14720 14755 14805 14831 14877 14937 14954 14978 15010 15024 15025 15034 15055 15092 15093 15125 15136 15154 15171 15249 15340 15394 15472 15473 15504 15637 15681 15695 15715 15759 15788 15833 15933 15944 15986 16018 16088 16165 16343 
	}
	state_category = rural 
    manpower=1
	buildings_max_level_factor=1.000
}
