state={
	id=488
	name="STATE_488"
	provinces={
		44 487 1467 1604 1797 1946 2366 2453 2509 2588 2628 2908 3089 3309 3467 3606 3955 4439 4624 4711 4834 5228 5352 5566 5809 5948 5998 6503 6525 6625 6628 6712 7072 7339 7393 7686 7848 8041 8083 8559 8655 8774 8817 8971 9424 9786 9806 9937 10554 10599 10783 10932 10987 11148 11206 11272 11320 11356 11542 12148 14310 14449 14556 14618 14741 14742 14777 14794 14846 14847 14879 14958 14959 14998 15014 15035 15073 15095 15115 15157 15222 15263 15309 15327 15328 15361 15395 15461 15462 15508 15509 15577 15610 15611 15642 15660 15697 15728 15746 15747 15761 15823 15836 15855 15856 15857 15988 15989 16058 16110 16111 16112 16140 16168 16169 16216 16217 16245 16309 16364 16365 16431 
	}
        history={
        	owner = OPP
        	buildings = {
            		infrastructure = 1
        	}
		add_core_of = OPP
	}
	state_category = rural 
    manpower=1
	buildings_max_level_factor=1.000
}
