state={
	id=570
	name="STATE_570"
	provinces={
		785 903 1302 4551 5199 5365 6080 7362 7672 7824 8003 8062 8441 8489 8972 8991 9171 9595 9609 9735 9805 9968 10186 11049 11278 11433 11611 11679 12108 12261 12281 12427 14669 14767 14844 14889 14904 14955 15026 15045 15186 15291 15325 15411 15459 15505 15575 15682 15726 15834 15894 15895 15934 15963 15964 16000 16029 16030 16056 16107 16139 16166 16183 16195 16228 16244 16278 16292 16328 16344 16345 16394 16402 16466 16480 16494 16522 16560 16598 16697 16716 16743 16809 16810 16867 
	}
        history={
        	owner = SGF
        	buildings = {
            		infrastructure = 1
        	}
		add_core_of = SGF
	}
	state_category = rural 
    manpower=1
	buildings_max_level_factor=1.000
}
