state={
	id=576
	name="STATE_576"
	provinces={
		389 1554 1872 3160 3666 4311 4355 4778 4920 5038 5201 5842 6011 6352 6631 6801 7119 7379 8132 8261 8397 8968 9064 9954 10413 10443 11626 11792 12330 14815 14885 15006 15019 15079 15119 15132 15146 15228 15241 15257 15272 15335 15345 15368 15480 15564 15590 15600 15632 15666 15675 15750 15782 15811 15929 15974 16004 16039 16084 16174 16189 16206 16298 16314 16461 16535 
	}
	state_category = rural 
    manpower=1
	buildings_max_level_factor=1.000
}
