state={
	id=581
	name="STATE_581"
	provinces={
		652 682 2897 2903 3025 3419 3566 4579 4733 4835 4884 5134 5176 5375 6425 7092 7125 7628 7898 8211 8242 8258 8506 8585 8605 9733 10417 10451 10627 11111 11522 11745 12084 12367 14747 14987 15047 15118 15129 15130 15161 15190 15210 15227 15253 15268 15314 15333 15366 15402 15479 15539 15540 15630 15631 15719 15808 15827 15862 16080 16172 16186 16219 16296 16348 16438 16497 16637 
	}
	history={
		owner = NFK
		buildings = {
			infrastructure = 1

		}		
		add_core_of = NFK
	}
	state_category = rural 
    manpower=1
	buildings_max_level_factor=1.000
}
