state={
	id=583
	name="STATE_583"
	provinces={
		176 1416 2251 3287 3441 3473 3645 3872 4197 4479 4523 4552 4703 4739 4758 4763 5079 5849 5965 6035 6448 6646 7066 7120 7186 7838 7958 7967 8135 8247 8371 8419 8602 9130 9204 10013 10166 10322 10497 10917 10961 10975 11270 11469 11716 11850 14860 14990 15040 15104 15105 15163 15164 15192 15193 15243 15244 15258 15274 15316 15346 15387 15406 15482 15496 15546 15677 15783 15797 15798 15844 15878 15890 15900 15912 15993 16025 16065 16190 16191 16207 16272 16300 16352 16353 16354 16424 16500 16514 16579 16639 16678 16723 
	}
	history={
		owner = NFK
		buildings = {
			infrastructure = 1

		}		
		add_core_of = NFK
	}
	state_category = rural 
    manpower=1
	buildings_max_level_factor=1.000
}
