state={
	id=589
	name="STATE_589"
	provinces={
		1074 1595 2449 2792 3472 4039 4353 4427 4455 4794 4809 4856 5012 5044 5105 5227 5513 5757 5924 5990 6156 6451 6491 6615 7306 7422 7538 7719 8333 8365 8467 8840 9184 9471 9792 9910 10025 10412 10519 10746 11437 11722 11820 12160 12184 12257 12304 14970 15166 15305 15446 15568 15602 15618 15707 15708 15741 15786 15829 15882 15932 16052 16159 16178 16212 16288 16337 16373 16413 16414 16445 16489 16517 16656 16735 16751 16820 16880 16896 16968 17003 17071 17233 17234 17355 17370 17401 17437 17482 17540 17541 17557 17646 17696 17854 
	}
        history={
        	owner = TRO
        	buildings = {
            		infrastructure = 1
        	}
		add_core_of = TRO
	}
	state_category = rural 
    manpower=1
	buildings_max_level_factor=1.000
}
