state={
	id=596
	name="STATE_596"
	provinces={
		20 42 133 358 464 495 569 595 976 1027 2028 2130 2139 2157 2361 2495 3698 3732 3793 3871 4300 4530 4596 5217 5355 5358 5651 5685 5747 6045 6154 6370 6461 6608 6676 6697 6777 7110 7159 7448 7734 7961 8212 8780 8882 9067 9265 9392 9505 9745 10144 10246 10284 10336 10401 10424 10710 10900 10918 11078 11105 11532 11548 11840 11881 12135 12443 14983 15282 15329 15383 15396 15413 15437 15523 15524 15612 15644 15778 15824 15837 15838 15966 16012 16019 16032 16113 16114 16141 16263 16264 16265 16282 16346 16366 16396 16397 16419 16420 16433 16562 16563 16586 16599 16646 16647 16683 16702 16792 16812 16813 16826 16870 16871 16887 16958 17008 17018 17032 17095 17143 17158 17192 17193 17279 17325 17345 17391 17468 17548 17664 
	}
	state_category = rural 
    manpower=1
	buildings_max_level_factor=1.000
}
