state={
	id=604
	name="STATE_604"
	provinces={
		1020 1326 1427 2085 2161 2416 2539 2714 2821 4293 4334 4345 4719 4848 5413 5919 6478 6556 7295 7371 7856 7869 7992 8061 8161 8183 8426 8450 9334 9861 10064 10076 10215 10225 10395 10455 10466 10503 11025 11037 11127 11483 12416 12417 15235 15280 15326 15351 15380 15489 15507 15538 15557 15576 15596 15623 15638 15639 15696 15745 15760 15822 15835 15907 15987 16046 16057 16108 16124 16125 16154 16184 16196 16197 16261 16280 16281 16308 16329 16362 16379 16404 16430 16467 16468 16524 16544 16571 16583 16612 16645 16744 16851 16901 
	}
        history={
        	owner = OPP
        	buildings = {
            		infrastructure = 1
        	}
		add_core_of = OPP
	}
	state_category = rural 
    manpower=2788
	buildings_max_level_factor=1.000
}
