state={
	id=625
	name="STATE_625"
	provinces={
		287 1084 1121 2231 3076 3187 3363 3928 4100 4328 4357 4804 4861 5256 5458 5823 6317 6905 7012 7103 7122 7154 7226 7294 8196 8491 8570 8700 9020 9239 10191 11134 11350 11410 11898 12145 12286 15357 15391 15457 15550 15551 15593 15603 15619 15670 15690 15709 15742 15753 15787 15817 15818 15902 15916 15917 15918 15919 15980 16044 16118 16134 16222 16255 16277 16303 16390 16580 16641 16642 16657 16712 16786 16787 
	}
        history={
        	owner = TRO
        	buildings = {
            		infrastructure = 1
        	}
		add_core_of = TRO
	}
	state_category = rural 
    manpower=1
	buildings_max_level_factor=1.000
}
