state={
	id=629
	name="STATE_629"
	provinces={
		902 1613 1639 1783 2065 4063 4095 4469 4618 4710 4728 5033 5354 5565 5927 6172 6235 6257 7058 7076 7427 7451 7491 7509 7599 7849 8023 8059 8174 8546 8692 8851 8974 9161 9322 9698 9874 10573 10697 11040 11110 11246 11701 11707 12371 15202 15410 15434 15486 15556 15574 15657 15714 15724 15758 15854 15871 15906 15985 16010 16011 16028 16087 16106 16182 16240 16241 16242 16291 16325 16326 16360 16450 16451 16478 16508 16596 16610 16611 16622 16644 16696 16742 16756 16757 16773 16824 16865 16886 16898 16899 16994 16995 16996 17016 17089 17114 17115 17132 17141 17212 17213 
	}
	state_category = rural 
    manpower=1
	buildings_max_level_factor=1.000
}
