state={
	id=648
	name="STATE_648"
	provinces={
		6 277 350 813 947 1142 1264 1423 1425 1541 1608 2032 2183 2489 2687 2828 2999 3070 3157 3193 3420 3674 3808 3849 3941 3965 4026 4138 4178 4283 4852 5046 5049 5082 5219 5484 6387 6758 7039 7202 7483 7720 7851 7876 7943 8359 8610 8721 8948 8953 9058 9077 9101 9276 9319 9338 9519 9581 9626 9845 9967 9982 10329 10592 10679 10750 10895 10991 11160 11215 11233 11353 11507 11596 11600 12005 12128 12227 12258 12325 12334 12365 15349 15455 15567 15617 15721 15773 16005 16016 16133 16221 16317 16318 16319 16426 16516 16630 16640 16680 16785 16803 16819 16859 16928 16967 17015 17070 17106 17126 17199 17200 17232 17244 17256 17289 17321 17353 17354 17400 17413 17414 17448 17503 17504 17524 17619 17645 17659 17672 17684 17685 17746 17763 17867 17868 17878 17984 17993 18045 18121 18152 18185 18208 18209 18224 18240 18253 18287 18288 18299 18321 18322 18323 18385 18423 18424 18460 18508 18530 18539 18604 18625 18626 18635 18663 18706 18722 18756 18764 18778 18779 18827 18869 18870 18884 18984 
	}
        history={
        	owner = TRO
        	buildings = {
            		infrastructure = 1
        	}
		add_core_of = TRO
	}
	state_category = rural 
    manpower=1
	buildings_max_level_factor=1.000
}
