state={
	id=665
	name="STATE_665"
	provinces={
		1834 1934 2217 2341 2395 2474 2791 3440 3603 3956 4147 4177 4276 4573 5195 5694 5828 6128 6335 6351 6709 7152 7852 8087 8117 8264 8362 8417 9026 9412 9413 9610 10196 10306 10557 10624 10671 10738 10772 10778 11844 12032 12276 12433 15553 15737 15776 15830 15831 15869 15961 15982 15983 16075 16103 16104 16181 16214 16227 16238 16258 16323 16338 16339 16392 16416 16448 16506 16541 16558 16570 16582 16593 16594 16620 16643 16694 16695 16715 16739 16755 16772 16805 16849 16920 16950 16951 16952 16974 16975 17029 17074 17113 17140 17153 17189 17238 17275 17337 17418 
	}
        history={
        	owner = ROG
        	buildings = {
            		infrastructure = 1
        	}
		add_core_of = ROG
	}
	state_category = rural 
    manpower=1
	buildings_max_level_factor=1.000
}
