state={
	id=667
	name="STATE_667"
	provinces={
		657 824 868 1394 3139 3177 3401 3554 3938 3971 4373 4749 4830 6171 6493 6642 7247 7398 7472 7517 7549 7601 7699 8495 8612 8937 9073 9654 9672 10208 10432 10672 11314 11968 12454 15652 15768 15793 15910 15911 16024 16051 16081 16128 16252 16284 16312 16349 16385 16411 16460 16533 16534 16548 16578 16671 16672 16673 16674 16685 16763 16779 16817 16830 16891 16941 16962 16963 17002 17037 17102 17147 17181 17207 17253 17265 17284 17433 17571 
	}
	state_category = rural 
    manpower=1
	buildings_max_level_factor=1.000
}
