state={
	id=697
	name="STATE_697"
	provinces={
		1177 1346 1375 1655 1851 2081 2116 2181 3829 3832 4943 5055 5348 5399 5481 5744 6223 6554 7054 7642 7793 8625 8824 10126 10331 11728 11865 12133 12157 12403 15923 15999 16053 16120 16152 16180 16257 16290 16322 16358 16447 16476 16477 16505 16607 16608 16609 16714 16736 16737 16738 16754 16771 16861 16862 16973 17028 17088 17152 17188 17204 17273 17274 17323 17417 17449 
	}
        history={
        	owner = ROG
        	buildings = {
            		infrastructure = 1
        	}
		add_core_of = ROG
	}
	state_category = rural 
    manpower=1
	buildings_max_level_factor=1.000
}
