state={
	id=708
	name="STATE_708"
	provinces={
		536 1308 1539 1640 2899 3101 3510 3746 4227 4697 4708 5273 5332 5502 5706 5902 5953 6007 6146 6307 6657 6729 6836 6907 6984 7347 7373 7737 8451 8538 8993 9068 9346 9403 9791 9793 10288 10526 10613 11521 11540 12048 12094 12221 12245 12376 16167 16279 16293 16307 16378 16403 16427 16428 16429 16523 16561 16634 16663 16682 16774 16825 16868 16934 16935 17055 17056 17092 17133 17156 17172 17205 17217 17248 17294 17313 17340 17341 17362 17421 17488 17489 17509 17562 17603 17625 17689 17706 17798 17818 17819 17954 
	}
	state_category = rural 
    manpower=1
	buildings_max_level_factor=1.000
}
