state={
	id=713
	name="STATE_713"
	provinces={
		483 581 844 1234 1320 1348 1444 1646 2266 2411 2456 2555 2811 3162 3168 3204 4159 4211 4457 4616 5720 5728 5803 5830 6329 6677 7251 7260 7361 7626 7928 8124 8223 8282 8364 9400 9557 9711 9859 10036 10354 10603 10641 10780 10912 11135 11283 12202 16064 16286 16299 16315 16333 16334 16351 16441 16483 16484 16536 16537 16591 16619 16626 16627 16652 16676 16781 16844 16845 16918 16925 16926 16987 16988 16989 17067 17124 17138 17149 17165 17166 17208 17209 17267 17287 17303 17304 17320 17369 17382 17410 17460 17480 17501 17523 17573 17574 17595 17682 17713 17791 
	}
	history={
		owner = ANF
		buildings = {
			infrastructure = 1

		}		
		add_core_of = ANF
		add_core_of = NFK
	}
	state_category = rural 
    manpower=5156
	buildings_max_level_factor=1.000
}
