state={
	id=716
	name="STATE_716"
	provinces={
		297 360 742 1626 2365 2616 2651 3040 3301 3694 3916 4184 4314 4351 4448 5025 5279 5461 5554 5765 5813 5878 5908 6155 6250 6411 6887 6933 7135 7175 7560 7610 7747 8314 8698 8771 8994 9047 9257 9332 9378 9591 9822 9825 10085 10298 10446 10535 10588 10945 11152 11303 11782 11886 11923 12241 12401 16164 16243 16327 16342 16418 16479 16559 16597 16662 16807 16808 16833 16866 16931 17007 17090 17142 17154 17214 17215 17276 17312 17419 17443 17451 17533 17545 17602 17614 17722 17749 17796 17845 17846 17859 17896 17925 17966 17987 18110 18111 18216 18245 18262 18391 18493 18506 18524 18595 18639 
	}
        history={
        	owner = BSK
        	buildings = {
            		infrastructure = 1
        	}
		add_core_of = BSK
	}
	state_category = rural 
    manpower=1
	buildings_max_level_factor=1.000
}
