state={
	id=720
	name="STATE_720"
	provinces={
		71 665 808 1070 1184 1286 1861 1981 2387 2676 2753 3306 3390 3608 3689 4167 4630 4717 5344 5634 5689 5724 5787 5810 6070 6110 6666 6684 6867 7292 7384 7445 8143 8240 8822 8963 9249 9287 9787 9820 10435 10501 10718 10770 10869 11455 11595 11616 11631 11662 11866 12293 16251 16311 16383 16384 16458 16459 16532 16547 16577 16669 16721 16796 16797 16842 16878 16907 16908 16923 16939 16986 17066 17135 17136 17179 17180 17229 17251 17283 17299 17300 17330 17349 17380 17396 17397 17445 17446 17459 17515 17553 17554 17570 17637 17657 17695 17712 17760 17800 17810 17826 17865 17902 17943 18022 
	}
	history={
		owner = NFK
		buildings = {
			infrastructure = 1

		}		
		add_core_of = NFK
	}
	state_category = rural 
    manpower=1
	buildings_max_level_factor=1.000
}
