state={
	id=724
	name="STATE_724"
	provinces={
		582 647 778 1447 1560 2390 2788 2861 3054 3124 3691 3722 3786 3929 4330 4500 5136 5203 5298 5793 5912 6170 6326 6410 6544 6589 6784 7228 7343 7774 7850 8287 8305 8641 8908 9298 9457 9833 10185 10243 10294 10631 10841 10857 11086 11123 11619 11677 11918 12110 12159 12236 16350 16370 16423 16440 16472 16499 16513 16603 16618 16638 16675 16686 16722 16765 16780 16799 16818 16843 16879 16892 16893 16909 16924 17013 17023 17038 17039 17049 17103 17137 17148 17163 17164 17182 17266 17285 17286 17302 17318 17319 17350 17351 17352 17409 17471 17498 17499 17500 17539 17555 17572 17609 17618 17638 17644 17658 17681 17730 17762 17773 17774 17790 17891 
	}
	history={
		owner = ANF
		buildings = {
			infrastructure = 1

		}		
		add_core_of = ANF
		add_core_of = NFK
	}
	state_category = rural 
    manpower=1
	buildings_max_level_factor=1.000
}
