state={
	id=727
	name="STATE_727"
	provinces={
		299 771 775 1085 2133 2558 2597 2822 3234 3660 4386 5123 5345 5548 5675 5758 5760 5950 6216 6440 6468 6500 6629 6831 7594 8000 8377 8611 8782 9081 9175 9710 9904 9976 10098 10260 10393 10714 11129 11302 11531 11594 11895 11994 12155 16432 16526 16573 16584 16585 16700 16701 16760 16775 16790 16791 16921 17031 17058 17059 17077 17078 17157 17173 17219 17220 17296 17343 17344 17374 17375 17390 17452 17453 17537 17663 17724 17783 17898 18006 18017 18090 18114 18205 
	}
        history={
        	owner = OPP
        	buildings = {
            		infrastructure = 1
        	}
		add_core_of = OPP
	}
	state_category = rural 
    manpower=3222
	buildings_max_level_factor=1.000
}
