state={
	id=731
	name="STATE_731"
	provinces={
		242 672 1122 1688 2549 2701 4014 4064 4284 5416 5485 5909 5988 6151 6159 7287 7336 7674 7676 8067 8074 8177 8846 8939 10232 10337 10931 11543 12206 16363 16469 16525 16572 16613 16614 16698 16699 16730 16758 16759 16811 16834 16869 16900 16936 16955 16956 16957 16976 17045 17046 17057 17076 17093 17094 17117 17134 17206 17218 17239 17249 17278 17295 17363 17373 17389 17408 17422 17444 17534 17535 17563 17641 17690 17707 17757 
	}
        history={
        	owner = OPP
        	buildings = {
            		infrastructure = 1
        	}
		add_core_of = OPP
	}
	state_category = rural 
    manpower=4056
	buildings_max_level_factor=1.000
}
