state={
	id=733
	name="STATE_733"
	provinces={
		296 413 603 1118 1582 1936 2143 2202 2648 2794 2803 3308 3908 4175 4453 4545 4553 4755 5005 5036 5161 5276 6390 6845 7123 7183 8019 8321 8324 8384 8630 9066 9318 9489 9661 9682 9819 10206 10423 10571 11159 11218 11416 11672 11742 11784 11954 12096 16481 16510 16624 16648 16777 16922 16937 17019 17118 17144 17175 17221 17240 17241 17326 17327 17328 17364 17376 17478 17490 17511 17512 17538 17565 17605 17627 17665 17709 17726 17742 17784 17821 17822 17836 17849 17850 17912 17927 17937 17938 17939 17980 18007 18060 18091 18117 18135 18171 18195 18235 18236 18268 18307 18366 18430 
	}
	history={
		owner = STR
		buildings = {
			infrastructure = 1

		}		
		add_core_of = STR
	}
	state_category = rural 
    manpower=1
	buildings_max_level_factor=1.000
}
