state={
	id=736
	name="STATE_736"
	provinces={
		867 1635 1984 2169 2415 2702 3079 3098 3448 4476 6453 6719 6945 7157 7341 7596 7780 7839 7908 8070 8182 8603 9447 9491 10037 10391 10415 10581 10962 11598 12003 16377 16521 16623 16850 16932 16997 17054 17075 17216 17277 17361 17624 17738 17765 17782 17870 17934 18026 18035 18129 18158 18193 18217 18246 18263 18294 18302 18331 18428 18467 18494 18525 18545 18579 18610 18640 18641 18671 18688 
	}
        history={
        	owner = BSK
        	buildings = {
            		infrastructure = 1
        	}
		add_core_of = BSK
	}
	state_category = rural 
    manpower=1
	buildings_max_level_factor=1.000
}
