state={
	id=739
	name="STATE_739"
	provinces={
		15 18 73 88 110 111 120 127 131 143 153 160 186 196 199 201 205 207 209 210 237 270 286 301 306 310 315 325 328 335 359 396 397 399 400 436 439 442 449 454 457 462 530 544 553 573 576 618 623 626 632 634 658 659 669 676 680 685 696 711 715 721 731 736 765 784 792 800 846 849 854 856 869 883 904 910 914 936 943 951 958 960 995 1001 1022 1025 1046 1049 1064 1069 1086 1096 1102 1116 1139 1140 1143 1172 1188 1197 1204 1208 1216 1241 1258 1261 1273 1274 1280 1313 1316 1318 1349 1359 1369 1370 1374 1377 1400 1403 1419 1438 1445 1451 1479 1480 1520 1523 1542 1553 1596 1617 1631 1644 1658 1705 1742 1755 1769 1771 1774 1788 1808 1822 1843 1849 1938 1945 1958 1976 2021 2035 2042 2056 2057 2076 2100 2128 2156 2175 2211 2212 2234 2245 2250 2261 2272 2281 2282 2312 2322 2328 2350 2409 2438 2466 2487 2496 2537 2544 2546 2586 2611 2612 2633 2645 2679 2700 2739 2758 2793 2795 2807 2833 2837 2874 2875 2888 2901 2910 2915 2925 2943 2963 2970 2977 2989 3015 3018 3019 3047 3090 3100 3123 3141 3148 3179 3190 3229 3230 3237 3261 3263 3278 3288 3300 3311 3334 3381 3411 3417 3444 3509 3522 3524 3528 3536 3549 3571 3607 3627 3650 3651 3658 3716 3718 3730 3747 3769 3783 3790 3821 3854 3860 3865 3921 3948 3950 3974 3983 3991 4125 4131 4160 4161 4169 4264 4282 4285 4291 4299 4313 4387 4481 4494 4595 4638 4699 4727 4783 4788 4791 4810 4812 4872 4914 4981 4990 5027 5028 5042 5061 5064 5068 5101 5350 5359 5374 5376 5439 5575 5626 5628 5696 5699 5771 5799 5855 5860 5989 6020 6032 6037 6047 6065 6121 6125 6236 6261 6373 6380 6455 6466 6521 6605 6670 6782 6808 6895 6903 7005 7138 7216 7553 7579 7597 7667 7713 7757 7783 7802 7815 7842 7903 7922 8009 8011 8053 8134 8281 8569 8588 8645 8671 8680 8690 8804 8863 8912 9039 9091 9117 9216 9223 9241 9247 9260 9416 9422 9500 9618 9636 9657 9801 9864 10023 10058 10158 10192 10204 10241 10317 10352 10583 10823 10959 10978 11021 11103 11143 11149 11214 11464 11479 11549 11863 12058 12131 12341 12484 17583 17892 18081 18175 18344 18529 18624 18664 18705 18843 19013 19198 19281 19347 19369 19427 19475 19569 19602 19617 19618 19628 19678 19811 19950 20035 20178 20222 20313 20364 20365 20415 20473 20508 20642 20654 20730 20750 20795 20840 20857 20928 20977 20987 21003 21130 21210 21211 21255 21364 21472 21581 21641 21710 21719 21850 21896 22016 22040 22123 22273 22274 22359 22489 22506 22532 22533 22553 22632 22700 22721 22744 22758 22776 22780 22844 22879 22912 22945 23022 23109 23130 23136 23361 
	}
		history={
		owner = SWE
		victory_points = { 439 1 }
		buildings = {
			infrastructure = 2
		}		
		add_core_of = SWE
	state_category = rural 
    manpower=1
	buildings_max_level_factor=1.000
}
