state={
	id=745
	name="STATE_745"
	provinces={
		789 1065 1590 2105 2191 2235 2273 2447 2973 3221 3489 3970 4187 4220 4675 4808 5145 5372 5471 5524 5643 6123 6204 6308 6534 6724 6927 7106 7329 7447 7725 7743 7773 7826 8142 8316 8776 8941 9494 9723 9727 9890 10020 10026 10181 10367 10516 10572 10665 11016 11115 11225 11296 11395 11577 11651 12050 12213 12373 12441 12470 16504 16681 16990 17169 17257 17403 17404 17527 17584 17610 17686 17734 17764 17804 17906 17920 17946 17997 18032 18048 18067 18082 18104 18177 18187 18211 18346 18357 18400 18478 18517 18566 18589 18681 18707 18781 18782 18809 18813 18828 18829 18897 18898 18909 18964 18991 18999 19000 19074 19093 19105 19113 19114 19200 19208 19222 19292 19331 19415 19444 19495 19525 19549 19619 19652 19734 19747 
	}
	state_category = rural 
    manpower=1
	buildings_max_level_factor=1.000
}
