state={
	id=748
	name="STATE_748"
	provinces={
		34 781 814 980 1066 1153 1636 1922 2111 2145 3319 3403 3475 3553 3930 3964 3978 4059 4461 4643 5356 5425 5892 6996 7099 7250 7462 7581 7586 7728 7745 8711 9149 9230 9637 10118 10487 10689 10838 11354 11791 11982 12315 16628 16750 16784 16858 16895 16911 16927 17014 17040 17083 17084 17125 17184 17255 17306 17383 17436 17447 17473 17775 17893 17918 18044 18056 18066 18142 18273 18409 18422 18538 18588 18721 18850 18961 18962 19014 19072 19174 19257 
	}
	state_category = rural 
    manpower=1
	buildings_max_level_factor=1.000
}
