state={
	id=757
	name="STATE_757"
	provinces={
		200 261 432 531 1505 2025 2034 2550 2855 2873 3320 3539 3550 3648 4525 4614 4772 5160 5392 5559 5782 6024 6174 6300 6376 6508 6572 6596 6998 7025 7208 7349 7408 7870 7927 8008 8318 8411 8412 8504 8595 8673 8853 8891 8909 9115 9136 9207 9229 9283 9313 9446 9468 9571 9804 10129 10165 10227 10663 10852 10858 11337 11498 11604 11796 11887 11932 12138 12282 12298 16798 16940 17082 17123 17198 17230 17252 17301 17331 17381 17398 17431 17432 17497 17516 17582 17630 17761 17801 17811 17827 17866 17876 17877 17917 17944 17945 17960 17992 18043 18064 18065 18120 18174 18197 18207 18223 18252 18272 18286 18309 18310 18320 18341 18342 18343 18367 18459 18475 18476 18490 18587 18602 18647 18736 
	}
	state_category = rural 
    manpower=1
	buildings_max_level_factor=1.000
}
