state={
	id=761
	name="STATE_761"
	provinces={
		279 984 1148 1397 1422 2316 3062 3788 4259 4431 4447 5381 6353 6604 6792 7194 7547 7716 8189 8477 8592 8884 9944 10323 10368 11100 11603 11653 11696 11969 12488 16905 17012 17021 17022 17064 17100 17146 17162 17178 17196 17197 17250 17281 17282 17317 17329 17393 17394 17395 17458 17470 17495 17496 17552 17569 17580 17581 17608 17656 17670 17680 17694 17744 17772 17788 17789 17809 17853 17863 17864 17915 17916 17970 17982 17991 18095 18251 
	}
	history={
		owner = NTR
		buildings = {
			infrastructure = 1

		}		
		add_core_of = NTR
	}
	state_category = rural 
    manpower=1578
	buildings_max_level_factor=1.000
}
