state={
	id=766
	name="STATE_766"
	provinces={
		752 1717 2203 3337 3622 4434 4542 5029 5391 5616 5834 6136 6522 6590 7151 8022 8085 8336 10229 10527 10556 10628 10635 10983 11332 12465 17000 17063 17081 17161 17227 17228 17280 17297 17298 17316 17367 17368 17429 17430 17457 17479 17551 17568 17579 17629 17643 17655 17668 17669 17678 17679 17743 17770 17771 17786 17787 17874 17875 17890 17914 17959 18009 18042 18103 18119 18150 18285 18340 18516 
	}
	history={
		owner = NTR
		buildings = {
			infrastructure = 1

		}		
		add_core_of = NTR
	}
	state_category = rural 
    manpower=2567
	buildings_max_level_factor=1.000
}
