state={
	id=774
	name="STATE_774"
	provinces={
		362 923 1113 2007 2342 2403 2458 2589 2866 3058 3066 3281 3347 3365 3461 3464 3601 3727 3803 4045 4143 4240 4410 4731 4761 4777 4846 4900 5220 5619 5684 5766 5841 6240 6309 6323 6362 6607 6802 6806 6925 7317 7366 7564 7800 7860 8330 8738 8816 8934 8954 9200 9327 9590 9933 10125 10214 10242 10262 10427 10473 10495 10736 10933 11031 11232 11256 11486 11639 11860 12047 12055 12243 12420 17072 17235 17308 17518 17526 17542 17732 17803 17838 17856 17880 17881 17905 17985 17995 17996 18031 18057 18122 18123 18166 18186 18210 18225 18274 18325 18345 18369 18410 18433 18434 18477 18503 18565 18576 18627 18637 18648 18680 18765 18780 18851 18852 18885 18963 18998 19032 19073 19156 19199 19221 19231 19291 19302 19414 19443 19494 19504 19557 19603 19639 19640 19651 19716 19745 19760 19812 19841 19893 19941 19976 20012 20068 20082 20083 20153 20185 20244 20245 20278 20314 20371 
	}
	state_category = rural 
    manpower=1
	buildings_max_level_factor=1.000
}
