state={
	id=777
	name="STATE_777"
	provinces={
		542 753 1000 1267 1343 1466 1584 2069 2179 2288 2301 2968 2986 3169 3393 3615 3623 3719 3935 4008 4079 4195 4654 4746 4984 4996 5035 5106 5157 5361 5581 5583 5607 5941 6388 6520 6839 6877 7118 7326 7330 7690 7740 7857 7859 8077 8146 8179 8416 8599 8730 8981 8995 9088 9197 9235 9320 9398 9443 9477 9512 9615 9736 9744 9831 9841 9852 9901 10005 10056 10330 10379 10411 10470 10546 10798 10843 10936 10967 10997 11023 11064 11124 11169 11446 11545 11811 11919 11960 11987 12199 12225 12472 17131 17190 17292 17338 17371 17387 17442 17450 17463 17464 17487 17532 17601 17612 17623 17651 17676 17703 17704 17736 17780 17781 17843 17884 17885 17910 17952 17977 18001 18014 18070 18071 18088 18108 18128 18190 18191 18192 18214 18230 18244 18259 18260 18261 18313 18314 18330 18350 18374 18375 18376 18390 18465 18484 18505 18543 18571 18572 18592 18609 18619 18638 18668 18669 18670 18687 18698 18699 18769 18799 18800 18818 18834 18914 18915 18939 19007 19018 19019 19034 19097 19118 19134 19135 19178 19214 19245 19251 19262 19287 19357 19469 
	}
	state_category = rural 
    manpower=1
	buildings_max_level_factor=1.000
}
