state={
	id=779
	name="STATE_779"
	provinces={
		1676 1703 2197 2230 2393 2528 3175 3753 3946 5020 5496 5527 5949 6141 6201 6864 6980 7328 7709 7877 8284 8651 8876 8926 9751 9772 10001 10027 10273 10702 11401 11528 11834 11882 12113 12275 12432 17201 17245 17307 17356 17402 17474 17505 17525 17631 17647 17753 17776 17777 17837 17855 17879 17894 17961 17994 18097 18153 18176 18198 18254 18324 18398 18553 18973 
	}
        history={
        	owner = TRO
        	buildings = {
            		infrastructure = 1
        	}
		add_core_of = TRO
	}
	state_category = rural 
    manpower=1
	buildings_max_level_factor=1.000
}
