state={
	id=780
	name="STATE_780"
	provinces={
		93 222 977 1296 1550 1552 1700 1725 1811 2058 2068 2112 2138 2334 2467 2820 2840 2890 2961 2993 3270 3289 3745 3883 3894 4057 4136 4339 4633 4787 5118 5303 5537 5544 5637 5792 5797 6374 6462 6497 6858 7843 7864 7986 8351 8648 8768 9588 9674 9760 10104 10140 10209 10261 10265 10266 10387 10472 10745 10990 11137 11154 11250 11329 11379 11403 11597 11656 11804 12086 12220 17145 17348 17392 17456 17578 17594 17711 17729 17785 17825 17852 17913 17930 17990 18041 18063 18078 18094 18164 18196 18296 18338 18339 18356 18408 18420 18445 18457 18472 18488 18489 18550 18551 18552 18564 18599 18633 18694 18733 18745 18775 18795 18807 18848 18860 18866 18867 18896 18907 19084 19103 19153 19184 19207 19279 19323 
	}
	history={
		owner = NTR
		buildings = {
			infrastructure = 1

		}		
		add_core_of = NTR
	}
	state_category = rural 
    manpower=1
	buildings_max_level_factor=1.000
}
