state={
	id=783
	name="STATE_783"
	provinces={
		235 395 402 521 535 772 1164 1498 1824 1992 2016 2724 3039 3151 3396 3425 3569 3690 3967 3977 4317 4505 4517 4576 4946 5089 5229 5331 5410 5780 5859 5964 6129 6273 6319 6344 6439 6483 6797 6826 6842 6953 7227 7267 7386 7512 7661 7707 7858 7915 7929 8034 8044 8165 8322 8509 8723 8789 8867 8874 8918 9284 9305 9307 9405 9699 9858 9998 10338 10430 10820 11334 11609 11659 11699 11750 11752 11858 12306 12382 12482 17372 17388 17476 17521 17561 17589 17613 17635 17652 17705 17721 17737 17833 17844 17953 17978 18002 18101 18109 18157 18231 18362 18363 18438 18492 18544 18594 18620 18655 18712 18724 18759 18811 18819 18835 18836 18858 18878 18929 18957 19035 19064 19065 19088 19148 19160 19168 19180 19204 19236 19252 19306 19317 19327 19397 19398 19470 19482 19515 19564 19594 19615 19646 19662 19691 19702 19740 19752 19753 19805 19816 19832 19890 19910 20005 
	}
        history={
        	owner = BSK
        	buildings = {
            		infrastructure = 1
        	}
		add_core_of = BSK
	}
	state_category = rural 
    manpower=1
	buildings_max_level_factor=1.000
}
