state={
	id=784
	name="STATE_784"
	provinces={
		480 545 1360 1669 1687 2933 3742 4017 4158 4232 4695 4792 5099 5200 5250 5431 5690 5904 6094 6399 6708 6718 6740 6759 6783 7130 7741 7767 8090 8185 9453 9702 9892 10518 10531 10893 11132 11421 11692 11862 12011 12366 12390 17226 17366 17378 17514 17607 17654 17693 17769 17824 17929 17941 17989 18040 18055 18077 18139 18148 18149 18172 18173 18270 18284 18308 18337 18354 18407 18419 18501 18535 18549 18584 18616 18678 18679 18701 18744 18754 18806 18923 
	}
	state_category = rural 
    manpower=1
	buildings_max_level_factor=1.000
}
