state={
	id=786
	name="STATE_786"
	provinces={
		823 1207 2153 2346 2663 2664 3080 3327 4363 4600 4883 4903 5223 5533 5772 5827 5871 5984 6131 6331 6578 6603 6821 7531 7607 7663 7680 8012 8200 8236 9029 9189 9222 9390 9575 9600 9839 10077 10230 10654 11439 11456 11488 11556 11622 12039 12446 17311 17360 17441 17520 17544 17560 17576 17611 17634 17650 17660 17661 17662 17720 17795 17806 17817 17832 17842 17883 17908 17909 17933 17951 18025 18034 18051 18069 18127 18156 18179 18189 18204 18229 18278 18329 18361 18389 18415 18482 
	}
        history={
        	owner = AAG
        	buildings = {
            		infrastructure = 1
        	}
		add_core_of = AAG
	}
	state_category = rural 
    manpower=1
	buildings_max_level_factor=1.000
}
