state={
	id=790
	name="STATE_790"
	provinces={
		14 26 38 41 52 113 142 145 163 220 230 248 262 269 271 276 322 326 376 421 447 466 518 594 619 759 776 782 918 919 956 989 1011 1012 1063 1130 1206 1221 1269 1271 1287 1297 1345 1460 1573 1579 1609 1614 1662 1748 1779 1790 1885 1920 1937 1942 1949 1957 1966 1993 2146 2148 2185 2193 2196 2221 2224 2248 2298 2436 2480 2488 2600 2619 2656 2697 2741 2826 2864 2937 2960 3063 3087 3154 3172 3211 3240 3256 3471 3474 3481 3637 3720 3728 4019 4036 4087 4150 4218 4267 4275 4298 4389 4416 4506 4526 4582 4613 4669 4735 4741 4750 4769 4907 4941 5009 5067 5181 5224 5243 5437 5555 5665 6013 6081 6324 6336 6418 6606 6624 6975 7023 7027 7059 7067 7088 7224 7265 7468 7947 7969 8253 8257 8759 8859 8887 9013 9107 9131 9142 9191 9285 9336 9560 9599 9670 9903 10072 10220 10509 10569 10758 10903 11165 11201 11348 12345 18080 18421 18603 19346 19390 20096 20221 20243 20590 20758 20779 21063 21331 21640 21803 22190 22259 22369 22450 22482 22543 22660 22794 22843 22878 22925 22981 
	}
		history={
		owner = SWE
		victory_points = { 2656 1 }
		buildings = {
			infrastructure = 2
		}		
		add_core_of = SWE
	state_category = rural 
    manpower=1
	buildings_max_level_factor=1.000
}
