state={
	id=791
	name="STATE_791"
	provinces={
		613 1510 1679 1877 2667 2784 2926 2947 3186 3203 3469 3714 5158 6313 6501 6828 7443 7456 7759 7985 8762 8843 9114 9154 9279 9358 10390 10431 11280 11615 11986 12300 17547 17591 17615 17677 17691 17758 17807 17888 17899 17935 17958 17967 17979 18059 18102 18115 18182 18249 18305 18306 18315 18316 18365 18441 18442 18443 18456 18486 18526 18534 18547 18562 18563 
	}
        history={
        	owner = HED
        	buildings = {
            		infrastructure = 1
        	}
		add_core_of = OSL
	}
	state_category = rural 
    manpower=1
	buildings_max_level_factor=1.000
}
