state={
	id=794
	name="STATE_794"
	provinces={
		29 2515 2851 3329 3761 3798 3896 3995 4047 4775 4859 5337 5734 6542 6568 7211 7503 7894 7933 7970 8172 8347 8421 8429 8600 9006 9084 9692 10203 10777 10883 11321 11351 11613 11702 11880 12013 12095 12228 12295 17423 17564 17692 17708 17725 17835 17848 17900 17901 17936 18018 18116 18134 18183 18194 18234 18267 18282 18317 18334 18378 18379 18429 18469 18573 18581 18597 18658 18728 18761 18846 18883 18960 
	}
        history={
        	owner = HED
        	buildings = {
            		infrastructure = 1
        	}
		add_core_of = HED
	}
	state_category = rural 
    manpower=1
	buildings_max_level_factor=1.000
}
