state={
	id=795
	name="STATE_795"
	provinces={
		285 364 600 689 714 757 1034 1801 2000 2236 2775 2880 4198 5098 6276 6496 6507 6513 6609 6707 6734 7205 7286 7559 7819 8015 8049 8091 8430 8531 8551 8719 8790 8821 9018 9205 9671 9729 9959 9972 10207 11363 11951 12024 12177 12212 12327 12347 12455 17467 17590 17740 17926 17988 18015 18016 18037 18131 18132 18133 18161 18219 18232 18247 18248 18264 18265 18266 18281 18332 18353 18377 18402 18403 18417 18418 18439 18440 18453 18454 18468 18513 18533 18546 18560 18561 18580 18657 18674 18675 18715 18725 18726 18727 18790 18791 18812 18882 18920 18943 18995 19027 19137 19150 19195 19206 19237 19238 19239 19299 
	}
        history={
        	owner = OPP
        	buildings = {
            		infrastructure = 1
        	}
		add_core_of = OPP
	}
	state_category = rural 
    manpower=1
	buildings_max_level_factor=1.000
}
