state={
	id=798
	name="STATE_798"
	provinces={
		751 798 832 1570 1730 2047 2172 2708 2928 3125 3209 4107 4132 4796 5281 5321 5368 5617 6064 6638 6755 6913 6977 7619 7797 8299 8309 8932 9573 9625 10205 10231 10685 10885 11198 11212 11506 11561 11768 11799 12041 12063 12387 17702 17718 17748 17830 17831 17840 17841 17895 17907 17924 17950 17964 17965 17999 18000 18024 18033 18050 18086 18087 18107 18124 18125 18145 18168 18203 18257 18258 18292 18293 18301 18327 18328 18373 18387 18388 18412 18413 18414 18427 18448 18464 18480 18481 18521 18531 18532 18556 18570 
	}
        history={
        	owner = VAG
        	buildings = {
            		infrastructure = 1
        	}
		add_core_of = VAG
	}
	state_category = rural 
    manpower=1
	buildings_max_level_factor=1.000
}
