state={
	id=806
	name="STATE_806"
	provinces={
		834 906 974 1167 1203 2269 2726 2802 4073 4421 4948 5132 5396 5812 5993 6163 6383 6426 6564 6667 6983 7127 7305 7522 7536 7664 8914 9294 9717 10135 10153 10194 10200 10958 11365 11663 12151 12354 12397 17971 17983 18010 18029 18079 18096 18141 18151 18184 18206 18239 18271 18297 18298 18319 18384 18396 18397 18432 18458 18473 18474 18536 18537 18585 18586 18623 18634 18645 18646 18662 18696 18704 18735 18746 18777 18796 18849 18924 18925 18935 19022 
	}
	state_category = rural 
    manpower=1
	buildings_max_level_factor=1.000
}
