state={
	id=807
	name="STATE_807"
	provinces={
		208 247 275 392 565 762 1612 1741 1962 2672 2952 3227 3368 3379 3513 3529 3596 3672 3702 4034 4145 4885 5302 5463 6073 6946 7071 7342 7762 7890 8229 8380 8453 8584 8593 8832 8854 9934 10649 10854 10999 11388 11529 11805 11812 11899 12223 18143 18155 18199 18358 18425 18435 18436 18504 18509 18540 18605 18606 18649 18737 18783 18784 18886 18899 18900 18926 18949 18992 19001 19002 19106 19107 19131 19142 19185 19201 19223 19232 19269 19282 19303 19325 19370 19391 19416 19526 19570 19577 19641 19718 19719 19798 19813 19915 
	}
        history={
        	owner = FNM
        	buildings = {
            		infrastructure = 1
        	}
		add_core_of = FNM
	}
	state_category = rural 
    manpower=1
	buildings_max_level_factor=1.000
}
