state={
	id=809
	name="STATE_809"
	provinces={
		124 307 471 661 1557 2120 3336 3515 4256 4460 5031 5373 5864 5981 6832 7100 7107 7776 7934 7978 8144 8329 8349 8383 8829 9259 9712 9767 10015 10019 10482 10512 10534 10766 11313 11370 11468 11625 11977 17976 18013 18100 18126 18169 18277 18491 18511 18522 18542 18591 18607 18608 18618 18628 18652 18653 18710 18711 18741 18742 18748 18798 18817 18856 18857 18863 18875 18937 18938 18977 18978 18993 19017 19051 19062 19133 19234 19235 19336 19337 
	}
        history={
        	owner = AAG
        	buildings = {
            		infrastructure = 1
        	}
		add_core_of = AAG
	}
	state_category = rural 
    manpower=1
	buildings_max_level_factor=1.000
}
