state={
	id=812
	name="STATE_812"
	provinces={
		427 890 1815 1870 2519 2716 3135 3325 3442 3754 4085 4233 4730 4940 5002 5014 5319 5501 5592 5620 5708 6000 6072 6316 6536 6621 6916 6917 6928 6944 7256 7297 7454 7706 7862 8046 8166 8582 8728 8808 9042 9309 9472 9582 9700 10374 10448 10515 10589 10734 10864 11282 11685 11781 11971 11972 12191 18089 18215 18351 18352 18450 18466 18523 18593 18629 18654 18758 18787 18788 18864 18877 18891 18916 18917 18940 18969 18989 19025 19026 19052 19063 19081 19167 19179 19227 19246 19247 19263 19272 19273 19339 19340 19352 19359 19360 19383 19436 19437 19438 19455 19533 19553 19624 19645 19660 19661 19690 19708 19729 19759 19844 19868 19869 19900 19901 19929 19957 19966 19991 20039 20076 20130 20175 20197 20230 20367 20440 
	}
        history={
        	owner = TEL
        	buildings = {
            		infrastructure = 1
        	}
		add_core_of = TEL
	}
	state_category = rural 
    manpower=7639
	buildings_max_level_factor=1.000
}
