state={
	id=814
	name="STATE_814"
	provinces={
		488 861 1661 1955 2104 3314 3813 4440 4606 4747 5476 5873 6315 6477 6527 6904 7499 8040 8409 8439 8519 9326 10438 10453 10876 11055 11196 11948 18136 18269 18283 18380 18392 18444 18497 18498 18548 18583 18598 18659 18660 18676 18717 18718 18774 18804 18821 18822 18894 18905 18921 18930 18931 18981 19011 19020 19041 19083 19091 19140 19276 19322 19387 19410 19411 19461 19503 19517 19568 19598 
	}
	history={
		owner = STR
		buildings = {
			infrastructure = 1

		}		
		add_core_of = STR
	}
	state_category = rural 
    manpower=1
	buildings_max_level_factor=1.000
}
