state={
	id=820
	name="STATE_820"
	provinces={
		354 1363 1477 1763 2381 2669 2689 4050 4608 5646 5733 5848 5945 6232 6457 7101 7529 8039 8225 8440 8507 8649 9220 9596 9696 10119 10264 10660 10986 11583 11743 12424 18221 18250 18295 18335 18336 18383 18395 18405 18406 18470 18471 18507 18515 18527 18528 18614 18615 18631 18632 18693 18720 18731 18732 18743 18752 18753 18763 18805 18823 18824 18842 18847 18865 18895 18922 18932 18947 18972 18982 18983 19042 19043 19057 19071 19127 19152 19228 
	}
	state_category = rural 
    manpower=1
	buildings_max_level_factor=1.000
}
