state={
	id=830
	name="STATE_830"
	provinces={
		357 575 1127 2440 2964 3074 3542 3987 4088 4597 4702 4823 6167 7478 7846 8669 8672 9050 9614 9815 9965 9974 10282 11427 11629 11763 11988 12383 12430 18359 18426 18462 18520 18541 18650 18831 18832 18873 18901 18927 18951 18952 19015 19033 19059 19076 19077 19145 19146 19175 19187 19211 19250 19283 19284 19355 19371 19372 19393 19421 19448 19463 19476 19477 19478 19508 19530 19540 
	}
        history={
        	owner = FNM
        	buildings = {
            		infrastructure = 1
        	}
		add_core_of = FNM
	}
	state_category = rural 
    manpower=1
	buildings_max_level_factor=1.000
}
