state={
	id=837
	name="STATE_837"
	provinces={
		146 799 1622 1775 1881 2176 2482 2574 2770 3517 3630 3639 3794 3859 3890 4060 4223 4295 4358 4544 4607 4658 4757 4935 4964 5151 5240 5259 5366 5574 5805 5900 5968 5979 6043 6210 6361 6481 6641 7006 7082 7104 7233 7303 8001 8050 8109 8270 8545 8726 8903 9263 9362 9490 9501 9534 9550 9612 9645 9764 9863 10570 10808 11193 11199 11444 11546 11571 11591 11658 11849 11870 12360 12363 12444 12486 18574 18575 18600 18601 18617 18644 18661 18695 18702 18703 18734 18755 18776 18808 18825 18826 18868 18908 18933 18934 18990 19012 19021 19030 19031 19044 19092 19104 19128 19129 19154 19173 19197 19229 19230 19243 19255 19256 19268 19280 19324 19345 19366 19367 19368 19378 19388 19389 19413 19491 19492 19524 19601 19685 19696 19743 19744 19756 19767 19787 19797 19839 19840 19851 19882 19892 19926 19934 19962 19963 19988 19994 20011 20019 20044 20045 20125 20126 20140 20141 20213 20236 20237 20330 20331 20394 
	}
	history={
		owner = NTR
		buildings = {
			infrastructure = 1

		}		
		add_core_of = NTR
	}
	state_category = rural 
    manpower=1
	buildings_max_level_factor=1.000
}
