state={
	id=839
	name="STATE_839"
	provinces={
		674 1497 1514 1726 2396 2967 3638 3962 4068 4537 5343 5518 5582 6169 6640 6700 7276 7321 7493 7726 7727 7945 8462 8497 9524 9774 10145 10217 10252 10279 11289 11695 11907 18714 18803 18881 18958 19067 19068 19100 19123 19161 19181 19248 19254 19288 19341 19377 19384 19440 19471 19486 19487 19488 19545 19575 19596 19616 19625 19647 19658 19673 19703 19711 19808 19846 19904 19922 19947 19960 20007 20104 20132 
	}
        history={
        	owner = OPP
        	buildings = {
            		infrastructure = 1
        	}
		add_core_of = OPP
	}
	state_category = rural 
    manpower=1
	buildings_max_level_factor=1.000
}
