state={
	id=841
	name="STATE_841"
	provinces={
		1100 2201 2209 2259 2982 3001 3171 4226 4409 4740 5543 5701 6214 6551 6686 6754 7011 7167 8129 8791 9518 9593 9664 9790 10131 10553 11209 11830 11942 12185 12442 18590 18651 18665 18686 18709 18723 18740 18747 18785 18833 18928 18954 18955 18968 19047 19048 19049 19061 19087 19108 19117 19165 19189 19190 19244 19270 19297 19349 19350 19452 19453 
	}
        history={
        	owner = VAG
        	buildings = {
            		infrastructure = 1
        	}
		add_core_of = VAG
	}
	state_category = rural 
    manpower=1
	buildings_max_level_factor=1.000
}
