state={
	id=843
	name="STATE_843"
	provinces={
		193 826 1309 1426 1802 2150 2478 2660 2871 3591 4028 4639 5910 6516 6875 7583 7794 8026 8116 8552 8833 9119 9856 10130 10174 10409 10612 11324 11729 11731 12014 12127 12358 12359 12431 18630 18719 18762 18841 18906 18946 18997 19055 19056 19112 19141 19164 19172 19266 19267 19277 19278 19301 19312 19353 19412 19434 19442 19490 19548 19555 19587 19637 19677 19684 19694 19778 19779 19810 19838 19880 19961 19975 20066 
	}
	state_category = rural 
    manpower=1
	buildings_max_level_factor=1.000
}
