state={
	id=845
	name="STATE_845"
	provinces={
		1170 1888 2162 3298 3511 3558 4354 4382 4531 5322 5477 5819 5875 6100 6106 6375 7004 7232 7431 8176 8658 9098 9414 9529 9558 9854 9920 10007 10075 10223 10565 10887 11098 11141 11315 11338 11458 12339 18767 18797 18988 19006 19080 19158 19191 19192 19429 19435 19467 19512 19532 19581 19591 19613 19655 19681 19689 19736 19737 19771 19781 19828 19853 19863 19885 19928 19943 19954 19980 20101 20111 20138 20180 20241 
	}
	state_category = rural 
    manpower=1
	buildings_max_level_factor=1.000
}
