
state={
	id=847
	name="STATE_847"
	provinces={
		8 37 65 70 76 90 92 101 180 234 283 290 300 309 365 367 383 385 386 388 406 410 429 440 441 446 465 519 558 570 571 599 608 636 686 707 727 728 729 737 763 797 921 952 965 968 983 996 1007 1021 1040 1054 1056 1060 1071 1072 1082 1161 1178 1189 1242 1250 1260 1295 1304 1388 1393 1436 1441 1459 1461 1519 1556 1586 1601 1620 1645 1670 1683 1702 1749 1785 1865 1866 1873 1887 1910 1951 1985 1998 2013 2020 2039 2045 2049 2050 2060 2075 2155 2195 2207 2223 2226 2329 2330 2356 2426 2459 2473 2500 2505 2507 2522 2524 2525 2530 2541 2543 2561 2576 2579 2580 2603 2641 2678 2682 2694 2733 2737 2756 2764 2823 2847 2892 2902 2921 2935 2941 2979 2992 2995 2997 3048 3071 3094 3102 3104 3140 3149 3158 3178 3195 3285 3297 3344 3349 3361 3380 3493 3532 3595 3621 3721 3776 3801 3812 3839 3844 3864 3867 3879 4090 4123 4155 4162 4174 4199 4280 4304 4322 4361 4400 4404 4484 4489 4587 4611 4676 4762 4870 4877 4951 5087 5128 5149 5167 5202 5261 5307 5333 5423 5498 5597 5608 5669 5739 5770 5777 5784 5785 5790 5808 5821 5895 5928 6114 6149 6202 6346 6381 6408 6432 6433 6445 6485 6499 6651 6785 6833 7016 7019 7261 7471 7534 7593 7692 7853 7897 8084 8512 8541 8704 8735 8868 8962 9057 9076 9266 9291 9379 9488 9605 9676 9732 9769 9958 10063 10222 10421 10669 10717 10719 10754 10847 10867 10955 10981 11000 11094 11294 11400 11628 11783 12008 12018 12142 19330 19379 19556 20565 21074 22056 22325 22361 22520 22555 22759 22867 22913 23025 23029 23071 23110 23111 23126 23184 23200 23214 23227 23231 23236 23243 23261 23340 23352 23370 23378 23379 23382 23392 23394 23401 23426 23438 23453 23462 23504 23517 23529 23532 23542 23547 23570 23577 23611 23640 23642 23667 
	}
	history={
		owner = FIN
		victory_points = { 2223 3 }
		buildings = {
			infrastructure = 2
		}		
		add_core_of = FIN
	}

	manpower= 1
	buildings_max_level_factor=1.000
	state_category=rural
}
