state={
	id=855
	name="STATE_855"
	provinces={
		347 946 1010 1115 1162 1382 1408 1857 1890 1961 2186 2254 2923 2940 3220 3324 3454 3478 4452 4459 4477 4665 4989 5034 5295 5383 5594 5705 6023 6209 6304 6424 6523 7134 7510 7523 7569 7681 7987 8393 8540 8858 8977 10051 10115 10160 10458 10822 11062 11495 11584 11627 11683 11920 18853 18854 18871 18965 19075 19094 19132 19143 19186 19209 19224 19348 19354 19445 19538 19558 19588 19604 19620 19697 19720 19735 19748 19757 19799 19825 19826 19858 19895 19927 19935 19952 19953 19970 20020 20027 20028 20048 20109 20120 20121 20127 20142 20193 20204 20248 20263 20283 20338 20423 20434 20476 20548 20608 
	}
        history={
        	owner = FNM
        	buildings = {
            		infrastructure = 1
        	}
		add_core_of = FNM
	}
	state_category = rural 
    manpower=1
	buildings_max_level_factor=1.000
}
