state={
	id=857
	name="STATE_857"
	provinces={
		25 211 866 1649 1880 2386 2511 2631 2936 3011 3836 4383 4768 4803 4806 5447 5825 6289 6616 6820 7048 7974 8036 8048 8241 8579 8758 8764 8770 8922 9201 9886 10372 10707 10760 10859 11068 11153 11236 11390 11940 12015 12448 18830 18844 18887 18888 18936 18950 18966 18975 18985 18986 19003 19023 19045 19058 19085 19095 19115 19144 19202 19203 19210 19293 19294 19295 19304 19313 19314 19326 19332 19392 19419 19420 19428 19446 19447 19462 19496 19505 19506 19507 19528 19529 19539 19559 19560 19578 19605 19606 19629 19659 19686 19698 19721 19722 19749 19789 19790 19800 
	}
	state_category = rural 
    manpower=1
	buildings_max_level_factor=1.000
}
