state={
	id=861
	name="STATE_861"
	provinces={
		147 527 602 1914 2294 2615 2799 2971 3027 3191 3265 3633 3679 3869 4405 4805 5935 6302 6429 6731 6746 7207 7977 8291 8606 9407 9430 9611 10341 10647 11088 11508 11559 11894 19069 19101 19110 19274 19328 19385 19406 19460 19472 19554 19565 19566 19583 19633 19634 19664 19754 19765 19775 19785 19847 19848 19870 19878 19924 19931 20008 20017 20139 
	}
        history={
        	owner = OPP
        	buildings = {
            		infrastructure = 1
        	}
		add_core_of = OPP
	}
	state_category = rural 
    manpower=1
	buildings_max_level_factor=1.000
}
