state={
	id=862
	name="STATE_862"
	provinces={
		308 420 507 514 697 712 722 790 942 962 1043 1166 1310 1657 1827 1902 2178 2355 2547 2556 2568 2608 2965 3093 3251 3383 3398 3443 3632 3805 3862 4250 4294 4296 4301 4968 4971 5191 5244 5324 5443 5738 5763 5789 6145 6206 6211 6274 6377 6694 6725 6868 6930 7035 7131 7139 7288 7423 7654 7873 8005 8276 8435 8786 8838 8844 8944 9082 9163 9192 9316 9449 9608 9617 9808 9817 10021 10096 11054 11119 11242 11290 11436 11809 11824 12158 18948 19365 19535 19599 19600 19695 19705 19786 19796 19823 19881 19993 20163 20201 20268 20393 20483 20523 20556 20641 20652 20718 20741 20886 20935 21046 21102 21471 21666 21755 21888 22030 22093 
	}
        history={
        	owner = SWE
        	buildings = {
            		infrastructure = 1
        	}
		add_core_of = SWE
	}
	state_category = rural 
    manpower=1
	buildings_max_level_factor=1.000
}
