state={
	id=870
	name="STATE_870"
	provinces={
		503 2685 2814 3395 3676 3911 3922 4748 5473 5520 5999 6519 6570 6822 7580 7861 7949 8021 8126 8828 9271 9479 9782 10985 10992 11184 11693 11751 11786 19193 19260 19286 19338 19382 19396 19480 19497 19513 19520 19521 19592 19623 19670 19726 19727 19728 19738 19782 19792 19803 19804 19815 19829 19886 19887 19898 19899 19973 19981 19990 19998 20022 20037 20051 20072 20073 20089 20102 20122 20196 20218 20250 20272 20287 20304 20398 
	}
        history={
        	owner = TEL
        	buildings = {
            		infrastructure = 1
        	}
		add_core_of = TEL
	}
	state_category = rural 
    manpower=1
	buildings_max_level_factor=1.000
}
