state={
	id=871
	name="STATE_871"
	provinces={
		56 177 203 258 288 451 586 654 703 767 809 1030 1176 1222 1259 1298 1322 1361 1437 1443 1462 1512 1533 1599 1689 1699 1782 1789 2055 2101 2129 2158 2253 2454 2736 2805 2853 2931 2962 3023 3103 3180 3189 3196 3223 3414 3520 3541 3567 3670 3749 3774 3775 3842 4067 4084 4113 4168 4254 4286 4605 4952 5165 5286 5327 5387 5393 5395 5456 5541 5635 5867 6001 6002 6079 6108 6195 6253 6356 6555 6827 6878 6950 7049 7085 7129 7231 7283 7319 7348 7537 7542 7551 7609 7729 7884 8447 8515 9028 9083 9410 9572 9975 9989 10048 10062 10410 10757 11011 11253 11266 11460 11580 11605 11823 12319 19130 19155 19493 19874 19949 20046 20055 20095 20202 20214 20370 20379 20544 20606 20729 20742 20942 21093 21116 21165 21254 21284 21314 21519 21530 21564 21615 21649 21667 21690 21849 21895 21906 21979 22025 22039 22045 22087 22094 22122 22189 22209 22232 22389 22394 22436 22449 22518 22552 22560 22626 22817 22825 
	}
	state_category = rural 
    manpower=1
	buildings_max_level_factor=1.000
}
