state={
	id=875
	name="STATE_875"
	provinces={
		39 805 1323 1492 2190 2620 3002 3286 4371 4393 4659 4701 4771 5173 5817 6098 6233 6278 6760 7577 8231 8267 8772 9317 9348 9665 9742 9943 9986 10348 10522 10637 10782 10928 11073 11150 11383 11646 11822 12255 19265 19363 19432 19546 19586 19597 19627 19649 19676 19714 19776 19794 19809 19822 19948 19985 20033 20064 20118 20189 20199 20200 20290 20299 20300 20391 20404 20472 20494 
	}
	state_category = rural 
    manpower=1
	buildings_max_level_factor=1.000
}
