state={
	id=880
	name="STATE_880"
	provinces={
		1248 1481 1628 2003 2337 2565 3122 3226 3757 4222 4962 5115 5534 6009 6427 6612 6761 7034 7193 7353 7930 8042 8111 8217 8346 8516 8581 9011 9397 9697 9715 9720 10159 10674 12256 19319 19425 19543 19574 19632 19657 19683 19710 19764 19784 19818 19903 19921 19974 20001 20024 20062 20077 20123 20145 20146 20232 20253 20289 20310 20311 20319 20336 20344 20402 20427 
	}
        history={
        	owner = OPP
        	buildings = {
            		infrastructure = 1
        	}
		add_core_of = OPP
	}
	state_category = rural 
    manpower=3731
	buildings_max_level_factor=1.000
}
