state={
	id=888
	name="STATE_888"
	provinces={
		7 32 268 783 972 1421 3044 3485 4204 5198 6246 6632 6669 6766 6976 7043 7279 8078 8154 8308 8591 8725 8904 9023 9382 10251 10681 11312 11358 11359 11381 11852 11890 12305 19636 19755 19837 19850 19857 19939 20010 20018 20152 20162 20184 20190 20212 20259 20260 20349 20356 20392 20405 20444 20462 20507 20532 20624 20705 20717 20785 20884 
	}
	history={
		owner = STR
		buildings = {
			infrastructure = 1

		}		
		add_core_of = STR
	}
	state_category = rural 
    manpower=5282
	buildings_max_level_factor=1.000
}
