state={
	id=891
	name="STATE_891"
	provinces={
		468 538 719 769 973 1008 1041 1075 1076 1081 1212 1214 1228 1236 1456 1577 1593 1673 1898 2141 2222 2228 2257 2432 2506 2630 2688 2690 2731 2781 2830 3031 3035 3150 3194 3205 3267 3276 3312 3352 3619 3665 3834 3863 3866 3926 3993 4054 4092 4365 4413 4429 4432 4486 4507 4610 4612 4745 4765 4779 4800 4873 4898 4901 4934 4974 4986 4991 5073 5092 5124 5156 5242 5248 5370 5377 5418 5426 5460 5482 5506 5556 5567 5612 5960 5971 6003 6049 6173 6179 6267 6341 6359 6379 6400 6476 6569 6580 6592 6634 6644 6647 6773 6805 6811 6829 6846 6909 7040 7075 7090 7182 7191 7351 7364 7407 7424 7516 7530 7590 7633 7635 7647 7653 7748 7784 7905 7959 7979 8055 8119 8170 8251 8326 8363 8476 8524 8533 8608 8633 8643 8766 8801 8811 8894 8897 8958 9097 9099 9194 9218 9268 9324 9347 9360 9373 9428 9496 9514 9548 9602 9603 9640 9695 9746 9755 9781 9812 9813 9814 9891 9895 9927 9942 9973 10046 10156 10161 10188 10195 10201 10311 10315 10327 10408 10513 10558 10587 10643 10652 10668 10696 10773 10800 10872 10908 10913 10968 10993 11020 11102 11130 11182 11219 11221 11234 11241 11268 11299 11316 11343 11380 11430 11475 11476 11491 11623 11632 11737 11775 11794 11837 11851 11925 11961 11990 12083 12116 12126 12139 12140 12173 12217 12318 12332 12375 12476 12483 12487 19717 19746 19788 19824 19894 19908 19912 19913 19914 19951 19964 19968 19969 19989 19995 19996 20002 20036 20047 20056 20084 20085 20097 20108 20119 20134 20154 20165 20166 20192 20203 20215 20223 20238 20246 20247 20262 20269 20279 20280 20282 20291 20301 20315 20321 20322 20332 20351 20357 20372 20373 20380 20381 20395 20406 20407 20416 20417 20422 20432 20433 20455 20474 20475 20484 20485 20486 20496 20502 20503 20509 20533 20545 20546 20547 20557 20566 20579 20580 20581 20591 20592 20596 20597 20598 20607 20618 20619 20635 20655 20656 20681 20688 20689 20690 20691 20708 20719 20731 20743 20744 20751 20752 20767 20768 20780 20786 20787 20796 20804 20816 20817 20834 20835 20849 20850 20858 20859 20860 20861 20872 20873 20887 20888 20889 20898 20903 20909 20910 20918 20919 20943 20956 20957 20958 20971 20978 20979 20980 20988 20989 21004 21005 21018 21022 21036 21037 21047 21057 21058 21059 21064 21065 21066 21082 21094 21117 21137 21138 21139 21148 21176 21184 21185 21186 21200 21212 21219 21220 21234 21235 21236 21276 21294 21301 21315 21323 21332 21341 21352 21392 21413 21414 21415 21416 21423 21432 21453 21473 21484 21496 21508 21520 21521 21531 21538 21539 21565 21566 21587 21588 21589 21599 21611 21616 21617 21654 21655 21668 21669 21670 21680 21691 21692 21711 21720 21735 21736 21749 21756 21757 21758 21759 21771 21782 21797 21804 21815 21830 21839 21851 21858 21877 21878 21889 21897 21916 21927 21928 21959 21960 21966 21973 21989 21995 22002 22007 22031 22032 22041 22046 22075 22081 22113 22154 22160 22161 22180 22181 22198 22204 22205 22233 22275 22284 22296 22319 22347 22348 22349 22390 22408 22437 22451 22452 22474 22507 22567 22582 22583 22601 22611 22627 22701 22716 22726 22748 22771 22777 
	}
	state_category = rural 
    manpower=1
	buildings_max_level_factor=1.000
}
