state={
	id=894
	name="STATE_894"
	provinces={
		46 68 227 473 486 687 717 833 841 908 997 1135 1238 1290 1356 1499 1855 1913 1999 2017 2285 2339 2642 2742 2816 3084 3182 3207 3218 3247 3322 3449 3455 3586 4181 4278 4446 4538 4634 4707 4793 4798 4868 5207 5292 5301 5442 5589 5755 5756 5794 6197 6771 6881 6959 7086 7176 7337 7436 7508 7865 7962 8156 8323 8474 8568 8825 8830 8965 9125 9237 9248 9256 9520 9677 9743 9853 9881 9900 10088 10328 10384 10574 10622 10888 10924 11069 11409 11766 12036 12331 19933 20034 20369 20414 20445 20463 20495 20617 20653 20696 20706 20707 20728 20848 20917 20926 20927 21056 21175 21253 21275 21313 21375 21412 21451 21452 21483 21575 21636 21718 21828 21829 21848 21876 21886 22145 22168 22442 
	}
	state_category = rural 
    manpower=1
	buildings_max_level_factor=1.000
}
