state={
	id=897
	name="STATE_897"
	provinces={
		384 460 622 835 898 1327 1476 1615 1791 2044 2061 2062 2321 2427 2475 2624 2632 3128 3164 3241 3294 3430 3506 3589 3685 3711 3764 3814 4021 4119 4231 4242 4370 4466 4652 4862 4958 5015 5048 5120 5153 5326 5384 5517 5557 5663 5674 5826 5896 5997 6015 6041 6095 6102 6396 6428 6446 6540 6565 6610 6650 6751 6851 6908 6969 7008 7021 7057 7098 7201 7217 7234 7270 7375 7428 7568 7595 7889 8054 8093 8108 8121 8151 8209 8228 8256 8398 8449 8455 8475 8498 8626 8743 8793 8800 8900 8920 8988 9000 9092 9180 9251 9365 9503 9509 9544 9694 9703 9738 9866 9889 9917 9949 10122 10123 10187 10267 10735 10747 10765 10775 10802 10821 10952 11001 11018 11042 11077 11096 11175 11346 11391 11415 11496 11515 11647 11657 11661 11682 11706 11711 11720 11798 11817 11888 12122 12181 12310 12336 12384 19589 19610 19666 19667 19679 19680 19750 19761 19768 19791 19852 19859 19860 19864 19865 19896 19909 19916 19971 19997 20003 20057 20058 20059 20069 20079 20098 20135 20143 20144 20155 20167 20168 20194 20195 20205 20224 20225 20226 20239 20240 20284 20285 20302 20316 20317 20323 20324 20339 20352 20366 20374 20382 20383 20408 20409 20435 20446 20447 20456 20464 20465 20487 20504 20510 20524 20525 20534 20535 20549 20582 20583 20593 20620 20625 20636 20637 20657 20669 20682 20683 20684 20709 20710 20711 20712 20733 20760 20770 20771 20788 20789 20790 20797 20798 20805 20820 20842 20851 20862 20874 20890 20904 20944 20960 20961 21008 21038 21048 21104 21110 21118 21119 21140 21166 21178 21187 21201 21202 21213 21256 21267 21278 21279 21342 21354 21377 21378 21379 21424 21443 21454 21476 21486 21510 21533 21549 21569 21593 21600 21627 21637 21643 
	}
	state_category = rural 
    manpower=1
	buildings_max_level_factor=1.000
}
