state={
	id=901
	name="STATE_901"
	provinces={
		637 1529 2437 2442 2538 2717 3119 3269 3415 3733 3785 3988 4027 4129 4287 4496 4623 4653 4700 4705 4922 4979 5247 5318 5336 5474 5536 5636 5767 5774 5884 6040 6044 6178 6196 6230 6248 6458 6459 6463 6472 6490 7163 7430 7473 7492 7556 7646 7666 7769 8065 8232 8243 8317 8418 8487 8522 8849 8888 9045 9331 9442 9570 9598 9659 9923 10050 10084 10157 10211 10344 10764 10878 10905 11122 11185 11217 11276 11374 11443 11516 11569 11829 12109 12150 12198 12461 19713 19836 19871 19906 19925 19967 19984 20009 20042 20043 20054 20063 20094 20107 20117 20133 20151 20183 20211 20234 20257 20258 20276 20277 20320 20348 20363 20377 20421 20430 20431 20443 20506 20520 20521 20554 20564 20588 20604 20623 20633 20634 20649 20668 20680 20740 20784 20803 20813 20814 20826 20827 20833 20870 20883 20902 20923 20924 20967 20968 21015 21020 21034 21107 21125 21136 21164 21183 21218 21231 21273 21283 21373 21390 21403 21448 21557 21580 
	}
        history={
        	owner = HED
        	buildings = {
            		infrastructure = 1
        	}
		add_core_of = OSL
	}
	state_category = rural 
    manpower=1
	buildings_max_level_factor=1.000
}
