state={
	id=912
	name="STATE_912"
	provinces={
		22 54 78 86 195 267 378 456 605 928 985 1114 1475 1538 1642 1716 1923 2417 2428 2606 2614 2698 2732 2766 2808 2877 3083 3108 3248 3264 3495 3508 3582 3729 3755 3982 3985 4000 4086 4156 4598 5037 5182 5289 5605 5624 5746 5779 5840 5844 5847 6017 6135 6192 6328 6741 6862 6893 6923 6970 7037 7269 7584 7872 8004 8925 9155 9174 9252 9436 9530 9604 10239 10326 11144 11147 11757 12038 12132 20578 20727 20778 20839 20871 20885 21199 21209 21362 21363 21461 21470 21731 21950 22065 22167 22358 22467 22473 22505 22542 22580 22595 22728 22729 22774 22821 22965 22980 23055 23162 23191 
	}
		history={
		owner = SWE
		victory_points = { 22580 1 }
		buildings = {
			infrastructure = 1
		}		
		add_core_of = SWE 
 }
	state_category = rural 
    manpower=1
	buildings_max_level_factor=1.000
}
