state={
	id=916
	name="STATE_916"
	provinces={
		135 1003 1634 2523 2650 3085 3146 4975 5054 5283 5412 7128 7282 7501 7608 8081 8097 8688 8744 8803 9369 10151 10275 10607 10768 11051 11344 11352 11652 11678 11760 12457 20088 20174 20217 20267 20271 20293 20294 20303 20342 20384 20425 20437 20438 20469 20512 20526 20612 20638 20659 20672 20714 20828 20864 20877 20878 20948 20949 20963 20964 21011 21024 21041 21049 21077 21100 21112 21141 21289 21343 21501 
	}
	state_category = rural 
    manpower=1
	buildings_max_level_factor=1.000
}
