state={
	id=924
	name="STATE_924"
	provinces={
		323 817 1672 2483 2599 2602 2889 3176 3210 3809 3984 4097 4237 4478 4713 4916 4933 4947 5169 5504 5804 5922 6033 6122 6142 6272 6292 6342 6602 6906 6939 7084 7148 7253 7316 7421 7440 7441 7519 7760 7935 7944 7950 8045 8127 8145 8237 8273 8609 8659 8820 8917 9044 9159 9215 9293 9630 9631 9653 9785 9888 9963 10256 10299 10346 10363 10364 10373 10418 10441 10606 10848 10919 11117 11211 11222 11399 11474 11606 11612 11644 11670 11821 11992 12077 12183 12254 12289 12338 12350 12374 12453 20325 20340 20410 20424 20448 20466 20467 20488 20497 20550 20558 20567 20626 20627 20670 20734 20745 20753 20799 20806 20836 20875 20891 20920 20945 20962 20982 20995 20996 20997 21061 21096 21097 21098 21111 21120 21131 21151 21157 21158 21167 21194 21195 21214 21221 21222 21268 21285 21286 21287 21295 21302 21316 21324 21333 21334 21335 21355 21380 21381 21382 21394 21395 21396 21405 21406 21425 21433 21477 21487 21497 21498 21511 21512 21534 21550 21570 21576 21582 21594 21595 21601 21620 21644 21656 21673 21674 21675 21683 21714 21750 21751 21773 21810 21879 21880 21892 21929 21936 21937 21968 
	}
	state_category = rural 
    manpower=1
	buildings_max_level_factor=1.000
}
