state={
	id=925
	name="STATE_925"
	provinces={
		2 13 40 79 134 259 374 496 509 533 572 630 668 730 852 925 934 970 990 1037 1145 1266 1294 1351 1358 1392 1413 1525 1733 1800 1841 1884 1900 1971 2022 2238 2252 2345 2423 2477 2529 2563 2626 2709 2738 2780 2848 2857 2867 2868 2878 2974 3026 3120 3170 3199 3280 3456 3484 3631 3743 4108 4114 4164 4215 4247 4249 4528 4575 4592 4629 4688 4752 4754 4760 4801 4863 4982 4988 5004 5011 5081 5126 5141 5177 5268 5282 5390 5405 5417 5586 5666 5921 6014 6063 6312 6321 6372 6438 6494 6581 6762 6763 6936 6949 6987 7080 7170 7225 7263 7284 7327 7352 7413 7464 7652 7735 8024 8171 8216 8234 8294 8390 8469 8580 8621 8946 9111 9145 9462 9701 9704 9749 9771 9849 10099 10447 10799 10810 10947 11075 11087 11373 11800 11902 12112 12317 12398 20350 20726 20847 20925 20970 21081 21129 21233 21252 21293 21312 21450 21548 21563 21702 21717 21857 21884 21885 21988 22038 22074 22121 22158 22179 22307 22383 22403 22466 22493 22504 22573 22625 22664 22715 22788 22816 22848 22919 22920 22937 22977 22985 22995 23040 23054 23088 23104 23135 23139 23195 23196 23212 23213 23249 23251 23260 23299 23309 23325 23337 23363 23367 23384 23399 23420 
	}
	state_category = rural 
    manpower=1
	buildings_max_level_factor=1.000
}
