state={
	id=936
	name="STATE_936"
	provinces={
		66 620 1823 1912 2107 2532 2906 3217 3302 4209 4269 4436 4648 5222 5293 5422 5491 5572 5723 5917 6213 6231 6627 6728 7506 7544 7764 8086 8226 8265 8366 8424 8444 8479 8794 8839 9112 9425 9508 9962 10182 10193 10345 10358 10667 10682 10996 11339 11340 11404 11426 11831 11889 11904 12118 12252 12369 20471 20555 20589 20605 20616 20687 20732 20794 20815 20856 20908 20934 20954 20955 20969 20976 20993 21016 21017 21021 21035 21045 21062 21108 21109 21126 21127 21128 21208 21232 21243 21244 21264 21274 21310 21311 21321 21322 21350 21351 21374 21391 21404 21410 21411 21431 21449 21459 21460 21469 21558 21562 21574 21635 21730 21748 21808 21926 
	}
        history={
        	owner = HED
        	buildings = {
            		infrastructure = 1
        	}
		add_core_of = OSL
	}
	state_category = rural 
    manpower=1
	buildings_max_level_factor=1.000
}
