state={
	id=938
	name="STATE_938"
	provinces={
		355 479 585 1019 1059 3007 3341 3710 3989 4062 4253 4323 4343 4938 5379 5630 5725 6208 6960 7198 8285 8399 8433 8463 8814 9242 9261 9399 9857 9876 9985 10121 11883 12035 12091 12344 12368 20376 20481 20515 20529 20575 20601 20614 20662 20663 20701 20715 20725 20765 20776 20811 20831 20837 20868 20869 20907 20916 20930 20953 20992 21043 21044 21071 21134 21143 21206 21207 21217 21228 21229 21249 21291 21307 21308 21447 21493 
	}
        history={
        	owner = BSK
        	buildings = {
            		infrastructure = 1
        	}
		add_core_of = BSK
	}
	state_category = rural 
    manpower=6420
	buildings_max_level_factor=1.000
}
