state={
	id=940
	name="STATE_940"
	provinces={
		170 174 221 646 1119 2831 3005 3304 4205 5649 5731 6515 6639 6872 7429 7525 7614 7756 8327 8548 8629 9085 9167 9925 10525 10774 10914 11162 11171 11414 11641 11684 12192 20865 20879 20913 20974 20991 21000 21070 21087 21161 21226 21259 21269 21327 21344 21357 21368 21438 21464 21479 21525 21542 21543 21551 21585 21602 21632 21645 21676 21726 21741 21764 21776 
	}
        history={
        	owner = TEL
        	buildings = {
            		infrastructure = 1
        	}
		add_core_of = TEL
	}
	state_category = rural 
    manpower=1
	buildings_max_level_factor=1.000
}
