state={
	id=951
	name="STATE_951"
	provinces={
		611 820 839 859 863 998 1023 1282 1334 1448 1454 1493 1623 1653 1719 1959 2095 2142 2347 2401 2486 2494 2585 2751 3014 3045 3372 3374 3423 3574 3581 3772 3780 3891 3979 4010 4142 4194 4433 4458 4522 4543 4562 4568 4588 4674 4696 4833 4944 4967 5103 5258 5340 5576 5870 5888 6036 6166 6443 6543 6659 6668 6681 6696 6726 6757 7220 7235 7243 7285 7313 7360 7381 7389 7404 7630 7656 7765 7805 7807 7896 7904 7966 8010 8131 8136 8194 8296 8344 8434 8586 8597 8676 8705 8848 8872 8973 9015 9027 9109 9195 9580 9685 9748 9770 9810 9896 10092 10101 10110 10147 10287 10343 10397 10930 11048 11080 11188 11287 11560 11669 11688 11704 11724 11802 11818 11962 12052 12057 12169 12174 12238 12481 20692 20697 20759 20769 20818 20819 20841 20911 20959 20972 20981 20994 21006 21007 21060 21067 21083 21095 21103 21149 21150 21177 21193 21245 21265 21266 21277 21353 21365 21376 21393 21462 21474 21475 21485 21509 21532 21540 21559 21567 21568 21590 21591 21592 21618 21625 21626 21642 21671 21672 21681 21693 21703 21704 21705 21712 21721 21737 21738 21739 21760 21761 21762 21787 21788 21798 21809 21816 21817 21818 21819 21831 21840 21841 21842 21859 21860 21868 21869 21890 21898 21899 21900 21907 21908 21909 21917 21918 21934 21942 21943 21951 21967 21974 21980 21981 22017 22018 22033 22047 22048 22049 22057 22066 22082 22088 22095 22096 22102 22114 22133 22134 22135 22146 22147 22169 22170 22199 22206 22210 22224 22234 22235 22236 22241 22242 22250 22276 22277 22285 22297 22308 22309 22310 22320 22350 22360 22375 22384 22409 22415 22416 22426 22443 22453 22462 22475 22494 22508 22513 22519 22524 22534 22554 22568 22574 22584 22588 22589 22605 22612 22628 22633 22642 22661 22696 22732 22740 22809 
	}
	state_category = rural 
    manpower=1
	buildings_max_level_factor=1.000
}
