state={
	id=952
	name="STATE_952"
	provinces={
		204 1052 1412 1496 1667 2227 2593 3382 3458 3530 4099 4342 4925 5001 5246 5470 5494 5983 6184 6237 6288 6595 8685 9304 9427 9679 9915 10179 10860 11013 11074 12134 12162 20576 20648 20666 20695 20777 20792 20832 20838 20846 20897 20931 20932 20933 20986 21002 21014 21031 21032 21080 21124 21144 21182 21192 21262 21263 21282 21309 21349 21371 21372 21389 21422 21458 21467 21481 21507 21555 21614 
	}
        history={
        	owner = HED
        	buildings = {
            		infrastructure = 1
        	}
		add_core_of = OSL
	}
	state_category = rural 
    manpower=20000
	buildings_max_level_factor=1.000
}
