state={
	id=956
	name="STATE_956"
	provinces={
		158 1379 1856 1947 1948 3701 4408 6008 6144 6205 6245 6293 7087 7487 7511 7588 7754 7866 8169 8178 8379 8831 8984 9124 9325 9385 9721 9938 10489 10590 10609 10619 10950 11139 11394 11778 11832 11944 12355 20671 20853 20905 20937 20947 21023 21040 21084 21105 21122 21132 21152 21169 21215 21223 21237 21246 21288 21296 21303 21304 21317 21356 21366 21367 21417 21434 21478 21488 21499 21500 21513 21522 21541 21571 21572 21577 21583 21605 21606 21621 21622 21628 21657 21658 21694 21695 21706 21722 21723 21724 21763 21774 21789 21799 21805 21820 21832 21870 21871 
	}
	state_category = rural 
    manpower=1
	buildings_max_level_factor=1.000
}
