state={
	id=995
	name="STATE_995"
	provinces={
		72 123 128 198 837 1068 1083 1223 1303 1487 1503 1889 2006 2043 2063 2843 3096 3335 3418 3534 3547 3696 4037 4111 4117 4465 4857 4886 4899 4945 5059 5407 5610 5752 5851 5897 5963 6884 6966 7108 7324 7557 7833 8244 8246 8255 8315 8905 8976 9002 9055 9270 9280 9551 9658 9716 10033 10090 10741 10781 11265 11550 12117 12357 12450 21340 21648 21701 21814 21866 21867 22024 22166 22178 22223 22387 22388 22491 22492 22537 22579 22610 22720 22766 22773 22881 22891 23150 
	}
	state_category = rural 
    manpower=1
	buildings_max_level_factor=1.000
}
